id;size;rank;Rdiag
0;1753;1753;
1;1630;1630;
2;2729;2729;
3;2086;2086;
4;1354;1354;
5;1357;1357;
6;1672;1672;
7;2213;2213;
8;1433;1433;
9;2041;2041;
10;1905;1905;
11;1860;1860;
12;1550;1550;
13;1945;1945;
14;1548;1548;
15;1727;1727;
16;2436;2436;
17;2361;2361;
18;1249;1249;
19;2073;2073;
20;2642;2642;
21;2769;2769;
22;1649;1649;
23;1648;1648;
24;1011;1011;
25;1376;1376;
26;2336;2336;
27;1263;1263;
28;1667;1667;
29;2406;2406;
30;1322;1322;
31;1664;1664;
32;201;41;
33;270;58;
34;245;60;
35;336;54;
36;285;53;
37;219;35;
38;262;37;
39;271;57;
40;320;52;
41;210;31;
42;249;46;
43;152;76;
44;194;25;
45;234;35;
46;228;34;
47;183;71;
48;3;3;
49;29;26;
50;150;71;
51;9;9;
52;9;9;
53;3;3;
54;9;9;
55;3;3;
56;142;89;
57;12;12;
58;152;56;
59;3;3;
60;12;12;
61;3;3;
62;13;13;
63;138;63;
64;143;88;
65;9;9;
66;9;9;
67;12;12;
68;141;81;
69;5;5;
70;7;7;
71;177;46;
72;7;7;
73;18;18;
74;139;55;
75;54;32;
76;18;18;
77;129;44;
78;1;1;
79;1;1;
80;18;18;
81;9;9;
82;242;46;
83;5;5;
84;7;7;
85;231;41;
86;6;6;
87;6;6;
88;7;7;
89;12;12;
90;230;52;
91;124;37;
92;25;25;
93;108;30;
94;63;40;
95;21;21;
96;168;32;
97;80;16;
98;30;30;
99;226;51;
100;72;45;
101;24;24;
102;27;27;
103;1;1;
104;168;56;
105;82;30;
106;39;39;
107;9;9;
108;100;18;
109;132;29;
110;30;30;
111;18;18;
112;15;15;
113;9;9;
114;15;15;
115;4;4;
116;15;12;
117;21;20;
118;12;12;
119;3;3;
120;21;21;
121;3;3;
122;78;64;
123;6;6;
124;36;31;
125;6;6;
126;12;12;
127;30;30;
128;18;18;
129;3;3;
130;51;21;
131;69;31;
132;9;9;
133;6;6;
134;114;32;
135;12;12;
136;45;32;
137;21;21;
138;12;12;
139;105;29;
140;114;37;
141;9;9;
142;9;9;
143;9;9;
144;6;4;
145;9;9;
146;69;30;
147;9;9;
148;168;26;
149;9;9;
150;3;3;
151;4;4;
152;107;19;
153;4;4;
154;6;6;
155;9;9;
156;3;3;
157;179;37;
158;80;46;
159;25;25;
160;171;33;
161;25;25;
162;102;44;
163;49;18;
164;129;33;
165;21;21;
166;15;15;
167;76;24;
168;14;14;
169;7;7;
170;27;27;
171;13;13;
172;3;3;
173;12;12;
174;305;50;
175;7;7;
176;3;3;
177;11;6;
178;237;58;
179;33;33;
180;15;15;
181;18;18;
182;7;7;
183;6;6;
184;287;42;
185;259;40;
186;24;24;
187;24;24;
188;1;1;
189;12;12;
190;300;16;
191;177;25;
192;30;30;
193;30;30;
194;138;25;
195;114;16;
196;12;12;
197;9;9;
198;15;15;
199;27;19;
200;15;12;
201;3;3;
202;3;3;
203;3;3;
204;27;27;
205;15;15;
206;3;3;
207;3;3;
208;3;3;
209;21;21;
210;27;27;
211;3;3;
212;3;3;
213;3;3;
214;30;8;
215;12;12;
216;3;3;
217;30;30;
218;6;6;
219;3;3;
220;3;3;
221;3;3;
222;12;12;
223;3;3;
224;54;20;
225;3;3;
226;189;22;
227;150;20;
228;60;12;
229;21;21;
230;21;21;
231;9;9;
232;24;17;
233;33;26;
234;6;6;
235;27;27;
236;15;15;
237;3;3;
238;15;15;
239;24;24;
240;3;3;
241;3;3;
242;30;30;
243;12;12;
244;3;3;
245;30;21;
246;30;30;
247;3;3;
248;81;25;
249;264;39;
250;27;27;
251;126;35;
252;21;21;
253;21;21;
254;18;15;
255;270;52;
256;9;9;
257;9;9;
258;21;21;
259;33;33;
260;41;41;
261;58;58;
262;60;60;
263;54;54;
264;53;53;
265;35;35;
266;37;37;
267;57;57;
268;52;52;
269;31;31;
270;46;46;
271;76;76;
272;25;25;
273;35;35;
274;34;34;
275;201;91;
276;191;72;
277;181;94;
278;164;63;
279;178;96;
280;130;25;
281;114;22;
282;91;30;
283;78;34;
284;51;44;
285;45;45;
286;24;24;
287;27;27;
288;1;1;
289;125;51;
290;9;9;
291;77;35;
292;18;18;
293;15;15;
294;9;9;
295;15;15;
296;4;4;
297;47;44;
298;21;21;
299;3;3;
300;70;63;
301;31;31;
302;6;6;
303;42;42;
304;18;18;
305;3;3;
306;61;18;
307;103;37;
308;12;12;
309;75;30;
310;9;9;
311;9;9;
312;4;4;
313;9;9;
314;77;28;
315;4;4;
316;19;19;
317;4;4;
318;6;6;
319;9;9;
320;3;3;
321;108;39;
322;33;23;
323;25;25;
324;131;47;
325;45;27;
326;43;43;
327;12;12;
328;50;43;
329;7;7;
330;3;3;
331;97;45;
332;15;15;
333;18;18;
334;7;7;
335;6;6;
336;42;42;
337;64;37;
338;25;25;
339;12;12;
340;101;26;
341;77;29;
342;40;21;
343;51;51;
344;57;57;
345;8;8;
346;12;12;
347;3;3;
348;30;30;
349;6;6;
350;3;3;
351;3;3;
352;3;3;
353;38;16;
354;105;20;
355;49;18;
356;45;45;
357;45;45;
358;30;30;
359;12;12;
360;3;3;
361;21;18;
362;30;30;
363;3;3;
364;91;49;
365;35;29;
366;21;21;
367;21;21;
368;15;12;
369;61;30;
370;9;9;
371;21;21;
372;33;33;
373;91;91;
374;72;72;
375;94;94;
376;63;63;
377;96;96;
378;25;25;
379;22;22;
380;30;30;
381;175;21;
382;156;21;
383;231;27;
384;67;21;
385;48;25;
386;4;3;
387;9;9;
388;61;16;
389;9;9;
390;3;3;
391;87;19;
392;117;20;
393;12;12;
394;144;18;
395;104;20;
396;12;12;
397;184;30;
398;23;15;
399;45;45;
400;144;144;
401;45;45;
402;18;12;
403;33;33;
404;99;20;
405;21;21;
406;51;12;
407;21;21;
408;33;33;
409;21;21;
410;21;21;
411;27;27;
412;21;21;
413;65;16;
414;51;12;
415;18;17;
416;20;18;
417;12;12;
418;279;279;
419;12;12;
420;33;33;
421;20;15;
422;21;21;
423;12;12;
424;21;21;
425;33;33;
426;16;16;
427;12;12;
428;47;21;
429;279;279;
430;12;12;
431;33;33;
432;69;69;
433;33;33;
434;21;21;
435;426;426;
