child;parent
512;4618
513;4619
514;4620
515;4621
516;4622
517;4623
518;4624
519;4625
520;4626
521;4627
522;4628
523;4629
524;4630
525;4631
526;4632
527;4633
528;4634
529;4635
530;4636
531;4637
532;4638
533;4639
534;4640
535;4641
536;4642
537;4643
538;4644
539;4645
540;4646
541;4647
542;4648
543;4649
544;4650
545;4651
546;4652
547;4653
548;4654
549;4655
550;4656
551;4657
552;4658
553;4659
554;4660
555;4661
556;4662
557;4663
558;4664
559;4665
560;4666
561;4667
562;4668
563;4669
564;4670
565;4671
566;4672
567;4673
568;4674
569;4675
570;4676
571;4677
572;4678
573;4679
574;4680
575;4681
576;4682
577;4683
578;4684
579;4685
580;4686
581;4687
582;4688
583;4689
584;4690
585;4691
586;4692
587;4693
588;4694
589;4695
590;4696
591;4697
592;4698
593;4699
594;4700
595;4701
596;4702
597;4703
598;4704
599;4705
600;4706
601;4707
602;4708
603;4709
604;4710
605;4711
606;4712
607;4713
608;4714
609;4715
610;4716
611;4717
612;4718
613;4719
614;4720
615;4721
616;4722
617;4723
618;4724
619;4725
620;4726
621;4727
622;4728
623;4729
624;4730
625;4731
626;4732
627;4733
628;4734
629;4735
630;4736
631;4737
632;4738
633;4739
634;4740
635;4741
636;4742
637;4743
638;4744
639;4745
640;4746
641;4747
642;4748
643;4749
644;4750
645;4751
646;4752
647;4753
648;4754
649;4755
650;4756
651;4757
652;4758
653;4759
654;4760
655;4761
656;4762
657;4763
658;4764
659;4765
660;4766
661;4767
662;4768
663;4769
664;4770
665;4771
666;4772
667;4773
668;4774
669;4775
670;4776
671;4777
672;4778
673;4779
674;4780
675;4781
676;4782
677;4783
678;4784
679;4785
680;4786
681;4787
682;4788
683;4789
684;4790
685;4791
686;4792
687;4793
688;4794
689;4795
690;4796
691;4797
692;4798
693;4799
694;4800
695;4801
696;4802
697;4803
698;4804
699;4805
700;4806
701;4807
702;4808
703;4809
704;4810
705;4811
706;4812
707;4813
708;4814
709;4815
710;4816
711;4817
712;4818
713;4819
714;4820
715;4821
716;4822
717;4823
718;4824
719;4825
720;4826
721;4827
722;4828
723;4829
724;4830
725;4831
726;4832
727;4833
728;4834
729;4835
730;4836
731;4837
732;4838
733;4839
734;4840
735;4841
736;4842
737;4843
738;4844
739;4845
740;4846
741;4847
742;4848
743;4848
744;4848
745;4848
746;4848
747;4849
748;4849
749;4850
750;4850
751;4850
752;4850
753;4850
754;4851
755;4851
756;4851
757;4852
758;4852
759;4852
760;4852
761;4852
762;4852
763;4852
764;4853
765;4853
766;4853
767;4854
768;4854
769;4854
770;4854
771;4854
772;4854
773;4855
774;4855
775;4855
776;4856
777;4856
778;4856
779;4857
780;4857
781;4857
782;4857
783;4857
784;4857
785;4858
786;4858
787;4858
788;4858
789;4858
790;4859
791;4859
792;4859
793;4859
794;4860
795;4860
796;4860
797;4860
798;4860
799;4861
800;4861
801;4861
802;4861
803;4861
804;4862
805;4862
806;4862
807;4862
808;4862
809;4862
810;4862
811;4862
812;4862
813;4863
814;4863
815;4863
816;4863
817;4864
818;4864
819;4864
820;4864
821;4865
822;4865
823;4865
824;4866
825;4866
826;4866
827;4866
828;4866
829;4867
830;4867
831;4867
832;4867
833;4867
834;4868
835;4868
836;4868
837;4868
838;4869
839;4870
840;4870
841;4870
842;4870
843;4870
844;4870
845;4871
846;4871
847;4871
848;4871
849;4871
850;4871
851;4872
852;4872
853;4872
854;4872
855;4872
856;4872
857;4873
858;4873
859;4873
860;4873
861;4873
862;4873
863;4873
864;4873
865;4873
866;4874
867;4874
868;4874
869;4874
870;4875
871;4875
872;4875
873;4875
874;4875
875;4876
876;4876
877;4876
878;4876
879;4876
880;4877
881;4877
882;4877
883;4877
884;4877
885;4877
886;4877
887;4877
888;4877
889;4878
890;4878
891;4878
892;4878
893;4878
894;4879
895;4879
896;4879
897;4880
898;4880
899;4880
900;4880
901;4880
902;4880
903;4881
904;4881
905;4881
906;4881
907;4881
908;4882
909;4882
910;4882
911;4882
912;4883
913;4883
914;4883
915;4883
916;4884
917;4884
918;4884
919;4884
920;4885
921;4885
922;4885
923;4885
924;4885
925;4885
926;4886
927;4886
928;4886
929;4886
930;4887
931;4887
932;4887
933;4887
934;4888
935;4888
936;4888
937;4889
938;4889
939;4889
940;4889
941;4889
942;4889
943;4889
944;4890
945;4890
946;4891
947;4891
948;4891
949;4892
950;4892
951;4892
952;4892
953;4892
954;4893
955;4893
956;4893
957;4893
958;4893
959;4893
960;4893
961;4893
962;4893
963;4894
964;4894
965;4895
966;4895
967;4895
968;4895
969;4895
970;4895
971;4895
972;4895
973;4895
974;4896
975;4896
976;4896
977;4896
978;4896
979;4896
980;4896
981;4896
982;4896
983;4897
984;4897
985;4897
986;4897
987;4897
988;4897
989;4897
990;4897
991;4898
992;4898
993;4898
994;4898
995;4898
996;4898
997;4899
998;4899
999;4899
1000;4899
1001;4899
1002;4899
1003;4899
1004;4899
1005;4900
1006;4900
1007;4900
1008;4900
1009;4900
1010;4901
1011;4901
1012;4901
1013;4901
1014;4902
1015;4902
1016;4902
1017;4902
1018;4902
1019;4902
1020;4903
1021;4903
1022;4903
1023;4903
1024;4903
1025;4904
1026;4904
1027;4904
1028;4904
1029;4904
1030;4905
1031;4905
1032;4905
1033;4906
1034;4906
1035;4906
1036;4906
1037;4906
1038;4906
1039;4906
1040;4907
1041;4907
1042;4907
1043;4907
1044;4907
1045;4907
1046;4907
1047;4907
1048;4907
1049;4908
1050;4908
1051;4908
1052;4909
1053;4909
1054;4909
1055;4909
1056;4909
1057;4909
1058;4909
1059;4909
1060;4909
1061;4910
1062;4910
1063;4910
1064;4910
1065;4910
1066;4910
1067;4911
1068;4911
1069;4911
1070;4911
1071;4912
1072;4912
1073;4912
1074;4913
1075;4913
1076;4913
1077;4913
1078;4913
1079;4913
1080;4913
1081;4913
1082;4913
1083;4914
1084;4914
1085;4914
1086;4914
1087;4914
1088;4914
1089;4914
1090;4914
1091;4915
1092;4915
1093;4915
1094;4915
1095;4915
1096;4916
1097;4916
1098;4916
1099;4916
1100;4916
1101;4916
1102;4916
1103;4917
1104;4918
1105;4918
1106;4918
1107;4918
1108;4918
1109;4918
1110;4919
1111;4919
1112;4919
1113;4919
1114;4919
1115;4920
1116;4920
1117;4920
1118;4920
1119;4921
1120;4921
1121;4921
1122;4921
1123;4921
1124;4922
1125;4923
1126;4923
1127;4923
1128;4924
1129;4924
1130;4924
1131;4925
1132;4926
1133;4926
1134;4926
1135;4926
1136;4926
1137;4927
1138;4927
1139;4927
1140;4927
1141;4927
1142;4928
1143;4928
1144;4928
1145;4928
1146;4928
1147;4928
1148;4929
1149;4929
1150;4929
1151;4929
1152;4929
1153;4930
1154;4930
1155;4930
1156;4930
1157;4930
1158;4930
1159;4931
1160;4931
1161;4931
1162;4932
1163;4932
1164;4932
1165;4932
1166;4932
1167;4932
1168;4933
1169;4933
1170;4933
1171;4933
1172;4934
1173;4934
1174;4934
1175;4934
1176;4934
1177;4934
1178;4934
1179;4935
1180;4935
1181;4935
1182;4935
1183;4935
1184;4935
1185;4935
1186;4935
1187;4936
1188;4936
1189;4936
1190;4936
1191;4936
1192;4936
1193;4936
1194;4937
1195;4937
1196;4937
1197;4937
1198;4937
1199;4937
1200;4938
1201;4938
1202;4938
1203;4939
1204;4940
1205;4940
1206;4940
1207;4940
1208;4940
1209;4941
1210;4941
1211;4941
1212;4942
1213;4942
1214;4942
1215;4942
1216;4943
1217;4944
1218;4944
1219;4944
1220;4945
1221;4945
1222;4945
1223;4945
1224;4945
1225;4946
1226;4946
1227;4946
1228;4946
1229;4947
1230;4947
1231;4947
1232;4947
1233;4947
1234;4947
1235;4948
1236;4948
1237;4948
1238;4948
1239;4948
1240;4949
1241;4949
1242;4949
1243;4949
1244;4949
1245;4949
1246;4949
1247;4950
1248;4950
1249;4950
1250;4950
1251;4950
1252;4951
1253;4952
1254;4952
1255;4952
1256;4953
1257;4953
1258;4953
1259;4953
1260;4954
1261;4954
1262;4954
1263;4954
1264;4955
1265;4955
1266;4955
1267;4955
1268;4955
1269;4955
1270;4955
1271;4955
1272;4956
1273;4956
1274;4957
1275;4957
1276;4957
1277;4957
1278;4958
1279;4959
1280;4959
1281;4959
1282;4959
1283;4959
1284;4960
1285;4960
1286;4960
1287;4960
1288;4960
1289;4960
1290;4961
1291;4961
1292;4961
1293;4961
1294;4961
1295;4961
1296;4961
1297;4961
1298;4961
1299;4962
1300;4962
1301;4962
1302;4962
1303;4962
1304;4962
1305;4962
1306;4962
1307;4963
1308;4963
1309;4963
1310;4963
1311;4963
1312;4963
1313;4964
1314;4964
1315;4964
1316;4964
1317;4964
1318;4965
1319;4965
1320;4965
1321;4965
1322;4965
1323;4965
1324;4966
1325;4966
1326;4967
1327;4968
1328;4969
1329;4969
1330;4970
1331;4971
1332;4971
1333;4971
1334;4971
1335;4971
1336;4972
1337;4973
1338;4974
1339;4974
1340;4974
1341;4975
1342;4976
1343;4977
1344;4978
1345;4979
1346;4979
1347;4980
1348;4981
1349;4981
1350;4981
1351;4981
1352;4982
1353;4983
1354;4984
1355;4985
1356;4986
1357;4986
1358;4986
1359;4987
1360;4988
1361;4989
1362;4989
1363;4989
1364;4989
1365;4990
1366;4991
1367;4991
1368;4992
1369;4993
1370;4994
1371;4995
1372;4996
1373;4997
1374;4997
1375;4997
1376;4997
1377;4998
1378;4998
1379;4999
1380;5000
1381;5000
1382;5001
1383;5001
1384;5002
1385;5003
1386;5003
1387;5004
1388;5004
1389;5004
1390;5005
1391;5006
1392;5006
1393;5006
1394;5007
1395;5007
1396;5007
1397;5007
1398;5008
1399;5008
1400;5009
1401;5009
1402;5009
1403;5010
1404;5010
1405;5010
1406;5011
1407;5012
1408;5012
1409;5012
1410;5013
1411;5014
1412;5015
1413;5015
1414;5016
1415;5017
1416;5018
1417;5019
1418;5020
1419;5020
1420;5020
1421;5020
1422;5021
1423;5021
1424;5022
1425;5023
1426;5024
1427;5025
1428;5026
1429;5026
1430;5026
1431;5026
1432;5026
1433;5027
1434;5027
1435;5028
1436;5029
1437;5030
1438;5030
1439;5030
1440;5030
1441;5031
1442;5032
1443;5032
1444;5032
1445;5033
1446;5033
1447;5034
1448;5034
1449;5035
1450;5036
1451;5036
1452;5036
1453;5037
1454;5037
1455;5037
1456;5038
1457;5039
1458;5040
1459;5041
1460;5042
1461;5042
1462;5042
1463;5043
1464;5044
1465;5045
1466;5045
1467;5046
1468;5047
1469;5048
1470;5048
1471;5049
1472;5050
1473;5051
1474;5051
1475;5051
1476;5052
1477;5052
1478;5052
1479;5052
1480;5053
1481;5053
1482;5053
1483;5054
1484;5054
1485;5054
1486;5055
1487;5055
1488;5055
1489;5055
1490;5055
1491;5055
1492;5055
1493;5056
1494;5057
1495;5057
1496;5057
1497;5058
1498;5058
1499;5059
1500;5060
1501;5061
1502;5062
1503;5062
1504;5062
1505;5063
1506;5063
1507;5063
1508;5064
1509;5064
1510;5065
1511;5065
1512;5066
1513;5067
1514;5068
1515;5069
1516;5070
1517;5071
1518;5072
1519;5072
1520;5072
1521;5073
1522;5074
1523;5075
1524;5076
1525;5077
1526;5078
1527;5078
1528;5079
1529;5080
1530;5080
1531;5081
1532;5081
1533;5081
1534;5082
1535;5083
1536;5084
1537;5084
1538;5085
1539;5086
1540;5087
1541;5087
1542;5087
1543;5087
1544;5088
1545;5088
1546;5089
1547;5089
1548;5089
1549;5089
1550;5089
1551;5089
1552;5090
1553;5091
1554;5092
1555;5092
1556;5092
1557;5092
1558;5093
1559;5094
1560;5095
1561;5096
1562;5097
1563;5098
1564;5098
1565;5099
1566;5100
1567;5100
1568;5101
1569;5101
1570;5102
1571;5103
1572;5104
1573;5105
1574;5106
1575;5107
1576;5107
1577;5107
1578;5108
1579;5108
1580;5109
1581;5110
1582;5111
1583;5112
1584;5112
1585;5112
1586;5113
1587;5113
1588;5114
1589;5115
1590;5115
1591;5115
1592;5115
1593;5116
1594;5117
1595;5118
1596;5119
1597;5119
1598;5119
1599;5120
1600;5120
1601;5121
1602;5121
1603;5122
1604;5123
1605;5123
1606;5124
1607;5125
1608;5125
1609;5126
1610;5127
1611;5128
1612;5129
1613;5129
1614;5129
1615;5129
1616;5129
1617;5129
1618;5129
1619;5129
1620;5129
1621;5130
1622;5130
1623;5130
1624;5131
1625;5131
1626;5131
1627;5132
1628;5132
1629;5133
1630;5134
1631;5135
1632;5135
1633;5135
1634;5136
1635;5136
1636;5136
1637;5136
1638;5136
1639;5136
1640;5136
1641;5136
1642;5136
1643;5137
1644;5138
1645;5139
1646;5140
1647;5140
1648;5140
1649;5141
1650;5142
1651;5142
1652;5143
1653;5144
1654;5145
1655;5145
1656;5146
1657;5147
1658;5148
1659;5148
1660;5149
1661;5149
1662;5149
1663;5150
1664;5151
1665;5152
1666;5153
1667;5154
1668;5154
1669;5154
1670;5154
1671;5154
1672;5154
1673;5155
1674;5156
1675;5157
1676;5157
1677;5157
1678;5158
1679;5158
1680;5158
1681;5159
1682;5160
1683;5161
1684;5162
1685;5162
1686;5162
1687;5163
1688;5164
1689;5164
1690;5164
1691;5165
1692;5165
1693;5165
1694;5166
1695;5167
1696;5167
1697;5167
1698;5167
1699;5167
1700;5168
1701;5169
1702;5170
1703;5171
1704;5172
1705;5173
1706;5174
1707;5174
1708;5175
1709;5176
1710;5176
1711;5177
1712;5178
1713;5178
1714;5179
1715;5180
1716;5180
1717;5180
1718;5180
1719;5180
1720;5180
1721;5181
1722;5182
1723;5182
1724;5182
1725;5182
1726;5183
1727;5183
1728;5184
1729;5184
1730;5184
1731;5185
1732;5185
1733;5185
1734;5186
1735;5186
1736;5187
1737;5187
1738;5187
1739;5187
1740;5188
1741;5188
1742;5188
1743;5189
1744;5190
1745;5191
1746;5192
1747;5193
1748;5193
1749;5194
1750;5195
1751;5196
1752;5197
1753;5198
1754;5198
1755;5199
1756;5200
1757;5201
1758;5201
1759;5201
1760;5202
1761;5203
1762;5203
1763;5204
1764;5205
1765;5205
1766;5206
1767;5207
1768;5207
1769;5207
1770;5208
1771;5209
1772;5209
1773;5209
1774;5209
1775;5210
1776;5210
1777;5210
1778;5210
1779;5211
1780;5212
1781;5212
1782;5213
1783;5213
1784;5213
1785;5214
1786;5215
1787;5216
1788;5217
1789;5218
1790;5219
1791;5220
1792;5220
1793;5221
1794;5222
1795;5222
1796;5222
1797;5223
1798;5224
1799;5225
1800;5226
1801;5226
1802;5227
1803;5228
1804;5229
1805;5230
1806;5231
1807;5231
1808;5231
1809;5231
1810;5232
1811;5233
1812;5233
1813;5233
1814;5233
1815;5234
1816;5235
1817;5235
1818;5236
1819;5237
1820;5237
1821;5237
1822;5238
1823;5239
1824;5240
1825;5241
1826;5242
1827;5242
1828;5243
1829;5243
1830;5243
1831;5243
1832;5244
1833;5244
1834;5244
1835;5245
1836;5246
1837;5247
1838;5248
1839;5248
1840;5248
1841;5248
1842;5248
1843;5249
1844;5250
1845;5250
1846;5250
1847;5251
1848;5252
1849;5253
1850;5254
1851;5255
1852;5256
1853;5257
1854;5258
1855;5258
1856;5258
1857;5259
1858;5259
1859;5259
1860;5260
1861;5261
1862;5261
1863;5262
1864;5263
1865;5264
1866;5264
1867;5265
1868;5266
1869;5267
1870;5267
1871;5268
1872;5268
1873;5268
1874;5269
1875;5269
1876;5270
1877;5271
1878;5272
1879;5272
1880;5273
1881;5274
1882;5275
1883;5275
1884;5276
1885;5277
1886;5278
1887;5278
1888;5279
1889;5280
1890;5281
1891;5281
1892;5281
1893;5282
1894;5283
1895;5284
1896;5285
1897;5286
1898;5287
1899;5288
1900;5288
1901;5288
1902;5289
1903;5289
1904;5289
1905;5289
1906;5289
1907;5289
1908;5290
1909;5290
1910;5291
1911;5292
1912;5293
1913;5294
1914;5295
1915;5296
1916;5296
1917;5297
1918;5298
1919;5299
1920;5299
1921;5299
1922;5299
1923;5300
1924;5301
1925;5302
1926;5303
1927;5303
1928;5304
1929;5304
1930;5304
1931;5305
1932;5305
1933;5305
1934;5306
1935;5306
1936;5306
1937;5307
1938;5308
1939;5309
1940;5310
1941;5310
1942;5310
1943;5310
1944;5311
1945;5312
1946;5312
1947;5312
1948;5312
1949;5312
1950;5313
1951;5314
1952;5315
1953;5316
1954;5317
1955;5318
1956;5319
1957;5320
1958;5321
1959;5321
1960;5322
1961;5322
1962;5322
1963;5323
1964;5324
1965;5324
1966;5325
1967;5326
1968;5326
1969;5327
1970;5328
1971;5329
1972;5330
1973;5331
1974;5332
1975;5332
1976;5333
1977;5334
1978;5335
1979;5336
1980;5337
1981;5338
1982;5338
1983;5339
1984;5340
1985;5341
1986;5342
1987;5342
1988;5342
1989;5342
1990;5343
1991;5344
1992;5344
1993;5345
1994;5346
1995;5347
1996;5348
1997;5349
1998;5350
1999;5351
2000;5351
2001;5351
2002;5352
2003;5353
2004;5354
2005;5355
2006;5356
2007;5357
2008;5358
2009;5359
2010;5359
2011;5359
2012;5360
2013;5361
2014;5362
2015;5362
2016;5362
2017;5362
2018;5363
2019;5364
2020;5365
2021;5366
2022;5367
2023;5368
2024;5369
2025;5370
2026;5371
2027;5372
2028;5373
2029;5374
2030;5375
2031;5376
2032;5376
2033;5376
2034;5377
2035;5378
2036;5379
2037;5380
2038;5380
2039;5381
2040;5382
2041;5382
2042;5382
2043;5383
2044;5383
2045;5383
2046;5384
2047;5384
2048;5385
2049;5385
2050;5385
2051;5386
2052;5387
2053;5388
2054;5389
2055;5389
2056;5390
2057;5391
2058;5392
2059;5393
2060;5393
2061;5394
2062;5395
2063;5396
2064;5397
2065;5398
2066;5399
2067;5400
2068;5401
2069;5402
2070;5402
2071;5403
2072;5403
2073;5404
2074;5405
2075;5406
2076;5406
2077;5406
2078;5407
2079;5407
2080;5407
2081;5408
2082;5409
2083;5410
2084;5410
2085;5411
2086;5412
2087;5413
2088;5414
2089;5414
2090;5414
2091;5414
2092;5415
2093;5415
2094;5415
2095;5415
2096;5416
2097;5416
2098;5416
2099;5417
2100;5417
2101;5417
2102;5418
2103;5418
2104;5418
2105;5418
2106;5418
2107;5419
2108;5419
2109;5419
2110;5420
2111;5420
2112;5421
2113;5421
2114;5421
2115;5422
2116;5422
2117;5422
2118;5423
2119;5424
2120;5425
2121;5426
2122;5426
2123;5426
2124;5427
2125;5428
2126;5429
2127;5430
2128;5431
2129;5432
2130;5433
2131;5434
2132;5434
2133;5434
2134;5434
2135;5434
2136;5435
2137;5436
2138;5437
2139;5438
2140;5439
2141;5439
2142;5440
2143;5441
2144;5442
2145;5443
2146;5444
2147;5444
2148;5445
2149;5446
2150;5447
2151;5448
2152;5449
2153;5450
2154;5451
2155;5452
2156;5452
2157;5452
2158;5453
2159;5454
2160;5455
2161;5456
2162;5457
2163;5458
2164;5459
2165;5460
2166;5461
2167;5462
2168;5462
2169;5462
2170;5462
2171;5462
2172;5463
2173;5463
2174;5463
2175;5463
2176;5463
2177;5464
2178;5464
2179;5464
2180;5465
2181;5465
2182;5465
2183;5466
2184;5467
2185;5467
2186;5468
2187;5469
2188;5470
2189;5470
2190;5471
2191;5472
2192;5472
2193;5472
2194;5473
2195;5474
2196;5475
2197;5475
2198;5475
2199;5476
2200;5477
2201;5478
2202;5478
2203;5478
2204;5478
2205;5478
2206;5478
2207;5478
2208;5478
2209;5479
2210;5480
2211;5481
2212;5481
2213;5482
2214;5482
2215;5482
2216;5483
2217;5483
2218;5483
2219;5484
2220;5484
2221;5484
2222;5485
2223;5485
2224;5485
2225;5486
2226;5487
2227;5487
2228;5487
2229;5488
2230;5489
2231;5489
2232;5489
2233;5490
2234;5491
2235;5492
2236;5492
2237;5492
2238;5492
2239;5492
2240;5492
2241;5493
2242;5494
2243;5495
2244;5496
2245;5497
2246;5498
2247;5499
2248;5499
2249;5499
2250;5499
2251;5500
2252;5500
2253;5500
2254;5501
2255;5502
2256;5503
2257;5504
2258;5505
2259;5506
2260;5507
2261;5508
2262;5509
2263;5510
2264;5511
2265;5512
2266;5512
2267;5512
2268;5513
2269;5514
2270;5514
2271;5515
2272;5516
2273;5517
2274;5518
2275;5518
2276;5518
2277;5519
2278;5519
2279;5519
2280;5520
2281;5521
2282;5522
2283;5523
2284;5524
2285;5525
2286;5525
2287;5526
2288;5527
2289;5528
2290;5529
2291;5530
2292;5531
2293;5532
2294;5533
2295;5534
2296;5534
2297;5534
2298;5534
2299;5534
2300;5534
2301;5535
2302;5536
2303;5536
2304;5537
2305;5538
2306;5539
2307;5540
2308;5541
2309;5542
2310;5543
2311;5544
2312;5545
2313;5545
2314;5546
2315;5547
2316;5547
2317;5548
2318;5548
2319;5549
2320;5550
2321;5551
2322;5551
2323;5551
2324;5552
2325;5552
2326;5553
2327;5553
2328;5553
2329;5553
2330;5553
2331;5553
2332;5554
2333;5555
2334;5556
2335;5557
2336;5558
2337;5558
2338;5558
2339;5558
2340;5559
2341;5560
2342;5561
2343;5561
2344;5561
2345;5561
2346;5561
2347;5562
2348;5563
2349;5564
2350;5565
2351;5566
2352;5567
2353;5568
2354;5568
2355;5569
2356;5570
2357;5571
2358;5572
2359;5573
2360;5574
2361;5574
2362;5574
2363;5575
2364;5576
2365;5577
2366;5578
2367;5579
2368;5580
2369;5580
2370;5580
2371;5581
2372;5581
2373;5582
2374;5582
2375;5582
2376;5583
2377;5584
2378;5585
2379;5586
2380;5587
2381;5587
2382;5587
2383;5587
2384;5587
2385;5587
2386;5587
2387;5587
2388;5587
2389;5588
2390;5589
2391;5590
2392;5591
2393;5592
2394;5592
2395;5593
2396;5594
2397;5594
2398;5594
2399;5595
2400;5595
2401;5595
2402;5596
2403;5597
2404;5598
2405;5599
2406;5600
2407;5600
2408;5600
2409;5601
2410;5602
2411;5603
2412;5604
2413;5605
2414;5606
2415;5607
2416;5608
2417;5609
2418;5610
2419;5611
2420;5612
2421;5613
2422;5614
2423;5615
2424;5616
2425;5616
2426;5616
2427;5617
2428;5618
2429;5619
2430;5620
2431;5621
2432;5622
2433;5623
2434;5623
2435;5623
2436;5624
2437;5624
2438;5625
2439;5625
2440;5625
2441;5625
2442;5626
2443;5627
2444;5628
2445;5629
2446;5630
2447;5630
2448;5630
2449;5631
2450;5632
2451;5633
2452;5633
2453;5633
2454;5634
2455;5635
2456;5635
2457;5635
2458;5636
2459;5636
2460;5636
2461;5636
2462;5637
2463;5638
2464;5639
2465;5640
2466;5641
2467;5642
2468;5642
2469;5642
2470;5642
2471;5642
2472;5643
2473;5643
2474;5643
2475;5643
2476;5644
2477;5645
2478;5646
2479;5647
2480;5648
2481;5649
2482;5649
2483;5649
2484;5649
2485;5649
2486;5650
2487;5650
2488;5650
2489;5651
2490;5652
2491;5653
2492;5654
2493;5655
2494;5655
2495;5656
2496;5657
2497;5658
2498;5659
2499;5659
2500;5660
2501;5661
2502;5661
2503;5662
2504;5662
2505;5662
2506;5663
2507;5663
2508;5663
2509;5664
2510;5664
2511;5664
2512;5665
2513;5666
2514;5667
2515;5668
2516;5669
2517;5670
2518;5671
2519;5671
2520;5671
2521;5672
2522;5673
2523;5673
2524;5673
2525;5673
2526;5674
2527;5675
2528;5676
2529;5676
2530;5676
2531;5677
2532;5678
2533;5678
2534;5678
2535;5679
2536;5679
2537;5679
2538;5680
2539;5681
2540;5681
2541;5681
2542;5682
2543;5683
2544;5684
2545;5685
2546;5685
2547;5686
2548;5687
2549;5688
2550;5689
2551;5690
2552;5691
2553;5692
2554;5693
2555;5694
2556;5695
2557;5696
2558;5697
2559;5698
2560;5699
2561;5699
2562;5700
2563;5700
2564;5701
2565;5701
2566;5702
2567;5703
2568;5704
2569;5705
2570;5706
2571;5706
2572;5706
2573;5707
2574;5708
2575;5708
2576;5708
2577;5708
2578;5709
2579;5710
2580;5711
2581;5711
2582;5712
2583;5713
2584;5714
2585;5715
2586;5716
2587;5717
2588;5718
2589;5718
2590;5718
2591;5719
2592;5720
2593;5721
2594;5722
2595;5723
2596;5723
2597;5724
2598;5725
2599;5725
2600;5725
2601;5725
2602;5725
2603;5726
2604;5726
2605;5727
2606;5728
2607;5729
2608;5730
2609;5731
2610;5731
2611;5731
2612;5731
2613;5731
2614;5732
2615;5733
2616;5734
2617;5734
2618;5735
2619;5736
2620;5737
2621;5738
2622;5739
2623;5740
2624;5740
2625;5740
2626;5741
2627;5741
2628;5741
2629;5741
2630;5741
2631;5741
2632;5742
2633;5742
2634;5743
2635;5744
2636;5745
2637;5745
2638;5745
2639;5746
2640;5747
2641;5748
2642;5748
2643;5748
2644;5749
2645;5750
2646;5751
2647;5752
2648;5753
2649;5754
2650;5754
2651;5754
2652;5754
2653;5754
2654;5755
2655;5755
2656;5756
2657;5757
2658;5758
2659;5759
2660;5760
2661;5761
2662;5762
2663;5763
2664;5764
2665;5765
2666;5766
2667;5767
2668;5767
2669;5767
2670;5767
2671;5767
2672;5767
2673;5767
2674;5768
2675;5769
2676;5769
2677;5770
2678;5771
2679;5771
2680;5771
2681;5772
2682;5773
2683;5774
2684;5775
2685;5776
2686;5777
2687;5778
2688;5779
2689;5780
2690;5781
2691;5782
2692;5783
2693;5784
2694;5784
2695;5784
2696;5785
2697;5786
2698;5786
2699;5786
2700;5786
2701;5786
2702;5786
2703;5787
2704;5788
2705;5789
2706;5790
2707;5791
2708;5792
2709;5793
2710;5794
2711;5794
2712;5795
2713;5796
2714;5797
2715;5798
2716;5799
2717;5800
2718;5801
2719;5802
2720;5802
2721;5803
2722;5804
2723;5805
2724;5806
2725;5807
2726;5808
2727;5809
2728;5810
2729;5810
2730;5810
2731;5811
2732;5811
2733;5812
2734;5813
2735;5814
2736;5815
2737;5816
2738;5816
2739;5817
2740;5817
2741;5818
2742;5819
2743;5819
2744;5819
2745;5820
2746;5821
2747;5822
2748;5822
2749;5822
2750;5823
2751;5823
2752;5824
2753;5824
2754;5825
2755;5826
2756;5827
2757;5827
2758;5828
2759;5829
2760;5830
2761;5831
2762;5831
2763;5831
2764;5832
2765;5832
2766;5832
2767;5833
2768;5834
2769;5835
2770;5835
2771;5836
2772;5837
2773;5838
2774;5839
2775;5840
2776;5841
2777;5841
2778;5841
2779;5841
2780;5842
2781;5843
2782;5844
2783;5845
2784;5846
2785;5847
2786;5848
2787;5849
2788;5850
2789;5851
2790;5851
2791;5851
2792;5852
2793;5853
2794;5853
2795;5853
2796;5853
2797;5854
2798;5854
2799;5855
2800;5855
2801;5856
2802;5857
2803;5857
2804;5858
2805;5859
2806;5860
2807;5861
2808;5861
2809;5861
2810;5861
2811;5861
2812;5862
2813;5863
2814;5864
2815;5864
2816;5864
2817;5865
2818;5866
2819;5867
2820;5868
2821;5869
2822;5870
2823;5871
2824;5871
2825;5872
2826;5873
2827;5873
2828;5873
2829;5874
2830;5875
2831;5876
2832;5877
2833;5878
2834;5879
2835;5880
2836;5880
2837;5880
2838;5881
2839;5881
2840;5882
2841;5883
2842;5884
2843;5885
2844;5886
2845;5887
2846;5887
2847;5888
2848;5889
2849;5890
2850;5891
2851;5892
2852;5893
2853;5893
2854;5894
2855;5895
2856;5896
2857;5897
2858;5898
2859;5899
2860;5900
2861;5901
2862;5901
2863;5902
2864;5903
2865;5904
2866;5905
2867;5906
2868;5906
2869;5906
2870;5906
2871;5906
2872;5906
2873;5906
2874;5906
2875;5907
2876;5907
2877;5907
2878;5908
2879;5908
2880;5908
2881;5908
2882;5909
2883;5909
2884;5909
2885;5910
2886;5911
2887;5912
2888;5913
2889;5913
2890;5914
2891;5915
2892;5916
2893;5917
2894;5918
2895;5919
2896;5920
2897;5921
2898;5922
2899;5923
2900;5924
2901;5925
2902;5926
2903;5927
2904;5928
2905;5928
2906;5928
2907;5929
2908;5929
2909;5930
2910;5931
2911;5931
2912;5931
2913;5932
2914;5932
2915;5932
2916;5933
2917;5934
2918;5935
2919;5936
2920;5937
2921;5938
2922;5939
2923;5940
2924;5941
2925;5942
2926;5943
2927;5944
2928;5945
2929;5946
2930;5947
2931;5948
2932;5948
2933;5949
2934;5949
2935;5949
2936;5950
2937;5951
2938;5951
2939;5951
2940;5951
2941;5951
2942;5952
2943;5953
2944;5954
2945;5954
2946;5954
2947;5955
2948;5956
2949;5957
2950;5958
2951;5958
2952;5959
2953;5960
2954;5961
2955;5962
2956;5962
2957;5962
2958;5963
2959;5964
2960;5964
2961;5964
2962;5965
2963;5966
2964;5967
2965;5968
2966;5969
2967;5970
2968;5971
2969;5972
2970;5973
2971;5973
2972;5974
2973;5974
2974;5974
2975;5974
2976;5975
2977;5975
2978;5976
2979;5976
2980;5976
2981;5977
2982;5978
2983;5979
2984;5979
2985;5980
2986;5981
2987;5981
2988;5982
2989;5983
2990;5983
2991;5984
2992;5985
2993;5986
2994;5987
2995;5988
2996;5989
2997;5990
2998;5991
2999;5992
3000;5993
3001;5993
3002;5993
3003;5994
3004;5994
3005;5995
3006;5996
3007;5997
3008;5998
3009;5998
3010;5999
3011;6000
3012;6001
3013;6002
3014;6003
3015;6004
3016;6005
3017;6005
3018;6005
3019;6006
3020;6007
3021;6007
3022;6008
3023;6008
3024;6009
3025;6010
3026;6011
3027;6012
3028;6013
3029;6014
3030;6015
3031;6016
3032;6017
3033;6018
3034;6018
3035;6018
3036;6019
3037;6020
3038;6020
3039;6021
3040;6022
3041;6023
3042;6024
3043;6025
3044;6026
3045;6027
3046;6027
3047;6027
3048;6028
3049;6028
3050;6029
3051;6029
3052;6030
3053;6031
3054;6032
3055;6033
3056;6034
3057;6034
3058;6035
3059;6036
3060;6037
3061;6038
3062;6039
3063;6040
3064;6041
3065;6041
3066;6041
3067;6041
3068;6041
3069;6041
3070;6041
3071;6041
3072;6042
3073;6043
3074;6044
3075;6044
3076;6044
3077;6044
3078;6045
3079;6045
3080;6046
3081;6047
3082;6048
3083;6048
3084;6048
3085;6049
3086;6050
3087;6051
3088;6052
3089;6053
3090;6054
3091;6055
3092;6055
3093;6055
3094;6056
3095;6057
3096;6057
3097;6057
3098;6057
3099;6057
3100;6058
3101;6059
3102;6060
3103;6061
3104;6061
3105;6062
3106;6063
3107;6064
3108;6065
3109;6066
3110;6066
3111;6067
3112;6068
3113;6069
3114;6070
3115;6070
3116;6070
3117;6071
3118;6071
3119;6072
3120;6073
3121;6074
3122;6075
3123;6076
3124;6077
3125;6078
3126;6078
3127;6078
3128;6078
3129;6078
3130;6079
3131;6080
3132;6080
3133;6081
3134;6081
3135;6082
3136;6082
3137;6083
3138;6083
3139;6083
3140;6083
3141;6084
3142;6085
3143;6086
3144;6087
3145;6088
3146;6089
3147;6090
3148;6090
3149;6090
3150;6091
3151;6092
3152;6093
3153;6093
3154;6093
3155;6093
3156;6093
3157;6094
3158;6095
3159;6095
3160;6095
3161;6096
3162;6097
3163;6097
3164;6098
3165;6099
3166;6100
3167;6101
3168;6102
3169;6103
3170;6103
3171;6103
3172;6103
3173;6103
3174;6104
3175;6105
3176;6106
3177;6106
3178;6106
3179;6107
3180;6108
3181;6109
3182;6110
3183;6111
3184;6111
3185;6111
3186;6112
3187;6113
3188;6114
3189;6115
3190;6116
3191;6117
3192;6118
3193;6119
3194;6120
3195;6121
3196;6122
3197;6123
3198;6124
3199;6125
3200;6125
3201;6125
3202;6126
3203;6126
3204;6126
3205;6127
3206;6128
3207;6129
3208;6130
3209;6131
3210;6131
3211;6131
3212;6131
3213;6131
3214;6132
3215;6132
3216;6133
3217;6133
3218;6133
3219;6134
3220;6134
3221;6134
3222;6135
3223;6136
3224;6137
3225;6138
3226;6139
3227;6140
3228;6141
3229;6142
3230;6143
3231;6144
3232;6145
3233;6146
3234;6147
3235;6148
3236;6149
3237;6150
3238;6151
3239;6151
3240;6151
3241;6152
3242;6153
3243;6154
3244;6155
3245;6156
3246;6157
3247;6158
3248;6159
3249;6159
3250;6159
3251;6159
3252;6160
3253;6161
3254;6162
3255;6163
3256;6163
3257;6163
3258;6164
3259;6165
3260;6165
3261;6165
3262;6166
3263;6167
3264;6168
3265;6169
3266;6170
3267;6171
3268;6171
3269;6171
3270;6172
3271;6172
3272;6172
3273;6172
3274;6172
3275;6173
3276;6173
3277;6173
3278;6174
3279;6174
3280;6174
3281;6174
3282;6175
3283;6175
3284;6176
3285;6177
3286;6178
3287;6179
3288;6180
3289;6180
3290;6180
3291;6181
3292;6182
3293;6183
3294;6184
3295;6185
3296;6185
3297;6186
3298;6187
3299;6188
3300;6189
3301;6190
3302;6190
3303;6190
3304;6191
3305;6192
3306;6193
3307;6194
3308;6195
3309;6196
3310;6197
3311;6198
3312;6199
3313;6200
3314;6201
3315;6202
3316;6203
3317;6204
3318;6205
3319;6206
3320;6207
3321;6207
3322;6208
3323;6209
3324;6210
3325;6211
3326;6212
3327;6213
3328;6214
3329;6215
3330;6216
3331;6217
3332;6217
3333;6217
3334;6218
3335;6219
3336;6219
3337;6219
3338;6220
3339;6220
3340;6220
3341;6220
3342;6220
3343;6221
3344;6221
3345;6222
3346;6222
3347;6222
3348;6223
3349;6224
3350;6225
3351;6226
3352;6227
3353;6227
3354;6228
3355;6229
3356;6230
3357;6231
3358;6232
3359;6232
3360;6232
3361;6232
3362;6232
3363;6232
3364;6233
3365;6234
3366;6235
3367;6236
3368;6237
3369;6238
3370;6239
3371;6240
3372;6240
3373;6241
3374;6242
3375;6242
3376;6243
3377;6244
3378;6245
3379;6245
3380;6245
3381;6246
3382;6247
3383;6248
3384;6248
3385;6248
3386;6249
3387;6249
3388;6249
3389;6249
3390;6249
3391;6249
3392;6249
3393;6249
3394;6250
3395;6251
3396;6251
3397;6252
3398;6253
3399;6254
3400;6254
3401;6254
3402;6254
3403;6254
3404;6255
3405;6256
3406;6257
3407;6258
3408;6258
3409;6258
3410;6259
3411;6260
3412;6261
3413;6262
3414;6263
3415;6264
3416;6264
3417;6265
3418;6266
3419;6267
3420;6267
3421;6267
3422;6268
3423;6268
3424;6268
3425;6269
3426;6269
3427;6270
3428;6270
3429;6271
3430;6272
3431;6273
3432;6274
3433;6275
3434;6276
3435;6277
3436;6278
3437;6279
3438;6280
3439;6281
3440;6281
3441;6281
3442;6282
3443;6283
3444;6284
3445;6284
3446;6285
3447;6286
3448;6286
3449;6286
3450;6287
3451;6287
3452;6288
3453;6289
3454;6290
3455;6291
3456;6292
3457;6293
3458;6294
3459;6295
3460;6296
3461;6297
3462;6298
3463;6299
3464;6300
3465;6301
3466;6301
3467;6301
3468;6301
3469;6301
3470;6302
3471;6303
3472;6303
3473;6304
3474;6304
3475;6304
3476;6305
3477;6306
3478;6307
3479;6308
3480;6309
3481;6310
3482;6310
3483;6310
3484;6311
3485;6312
3486;6313
3487;6314
3488;6315
3489;6316
3490;6316
3491;6317
3492;6317
3493;6317
3494;6318
3495;6318
3496;6318
3497;6319
3498;6319
3499;6319
3500;6319
3501;6319
3502;6319
3503;6319
3504;6319
3505;6320
3506;6321
3507;6322
3508;6322
3509;6322
3510;6323
3511;6324
3512;6324
3513;6325
3514;6325
3515;6326
3516;6327
3517;6328
3518;6329
3519;6330
3520;6330
3521;6331
3522;6332
3523;6333
3524;6334
3525;6335
3526;6335
3527;6335
3528;6336
3529;6337
3530;6338
3531;6339
3532;6340
3533;6341
3534;6341
3535;6341
3536;6342
3537;6343
3538;6344
3539;6345
3540;6346
3541;6347
3542;6348
3543;6348
3544;6349
3545;6350
3546;6351
3547;6352
3548;6353
3549;6354
3550;6355
3551;6356
3552;6357
3553;6357
3554;6357
3555;6358
3556;6359
3557;6360
3558;6361
3559;6362
3560;6363
3561;6363
3562;6364
3563;6365
3564;6366
3565;6366
3566;6367
3567;6368
3568;6369
3569;6370
3570;6371
3571;6371
3572;6371
3573;6372
3574;6373
3575;6373
3576;6373
3577;6374
3578;6375
3579;6376
3580;6377
3581;6377
3582;6377
3583;6378
3584;6378
3585;6378
3586;6379
3587;6380
3588;6381
3589;6382
3590;6383
3591;6384
3592;6385
3593;6386
3594;6387
3595;6388
3596;6389
3597;6390
3598;6391
3599;6392
3600;6393
3601;6394
3602;6395
3603;6396
3604;6397
3605;6397
3606;6398
3607;6399
3608;6400
3609;6401
3610;6402
3611;6403
3612;6403
3613;6404
3614;6405
3615;6405
3616;6406
3617;6407
3618;6408
3619;6408
3620;6409
3621;6410
3622;6411
3623;6412
3624;6413
3625;6413
3626;6413
3627;6413
3628;6413
3629;6413
3630;6414
3631;6414
3632;6415
3633;6416
3634;6416
3635;6417
3636;6418
3637;6419
3638;6420
3639;6421
3640;6421
3641;6422
3642;6423
3643;6423
3644;6423
3645;6424
3646;6424
3647;6425
3648;6426
3649;6427
3650;6428
3651;6429
3652;6430
3653;6431
3654;6432
3655;6433
3656;6434
3657;6435
3658;6436
3659;6437
3660;6437
3661;6437
3662;6438
3663;6438
3664;6439
3665;6440
3666;6440
3667;6440
3668;6441
3669;6441
3670;6442
3671;6443
3672;6444
3673;6445
3674;6446
3675;6447
3676;6448
3677;6449
3678;6450
3679;6451
3680;6452
3681;6453
3682;6454
3683;6455
3684;6456
3685;6457
3686;6457
3687;6457
3688;6458
3689;6459
3690;6460
3691;6461
3692;6462
3693;6463
3694;6464
3695;6465
3696;6466
3697;6467
3698;6468
3699;6469
3700;6470
3701;6470
3702;6470
3703;6471
3704;6472
3705;6473
3706;6473
3707;6473
3708;6473
3709;6473
3710;6473
3711;6474
3712;6474
3713;6474
3714;6474
3715;6475
3716;6476
3717;6477
3718;6478
3719;6479
3720;6480
3721;6481
3722;6482
3723;6483
3724;6483
3725;6483
3726;6484
3727;6484
3728;6484
3729;6484
3730;6484
3731;6484
3732;6485
3733;6486
3734;6487
3735;6488
3736;6489
3737;6490
3738;6491
3739;6492
3740;6493
3741;6493
3742;6493
3743;6494
3744;6494
3745;6495
3746;6496
3747;6496
3748;6496
3749;6497
3750;6497
3751;6497
3752;6497
3753;6498
3754;6498
3755;6498
3756;6499
3757;6500
3758;6501
3759;6502
3760;6503
3761;6504
3762;6505
3763;6506
3764;6506
3765;6507
3766;6508
3767;6509
3768;6510
3769;6510
3770;6510
3771;6511
3772;6511
3773;6512
3774;6512
3775;6513
3776;6514
3777;6515
3778;6516
3779;6517
3780;6518
3781;6519
3782;6520
3783;6521
3784;6522
3785;6523
3786;6524
3787;6525
3788;6526
3789;6526
3790;6527
3791;6527
3792;6527
3793;6527
3794;6527
3795;6528
3796;6528
3797;6529
3798;6530
3799;6530
3800;6530
3801;6531
3802;6531
3803;6531
3804;6532
3805;6533
3806;6534
3807;6535
3808;6536
3809;6536
3810;6536
3811;6537
3812;6538
3813;6538
3814;6539
3815;6539
3816;6540
3817;6540
3818;6541
3819;6542
3820;6543
3821;6544
3822;6545
3823;6546
3824;6547
3825;6548
3826;6549
3827;6549
3828;6549
3829;6550
3830;6551
3831;6552
3832;6552
3833;6552
3834;6552
3835;6552
3836;6553
3837;6554
3838;6555
3839;6556
3840;6557
3841;6558
3842;6559
3843;6560
3844;6560
3845;6560
3846;6561
3847;6561
3848;6561
3849;6562
3850;6562
3851;6563
3852;6564
3853;6564
3854;6564
3855;6565
3856;6566
3857;6567
3858;6568
3859;6568
3860;6569
3861;6570
3862;6570
3863;6570
3864;6571
3865;6572
3866;6573
3867;6574
3868;6574
3869;6574
3870;6574
3871;6574
3872;6574
3873;6574
3874;6574
3875;6575
3876;6576
3877;6577
3878;6578
3879;6579
3880;6580
3881;6581
3882;6581
3883;6582
3884;6583
3885;6584
3886;6585
3887;6586
3888;6586
3889;6586
3890;6587
3891;6588
3892;6588
3893;6588
3894;6588
3895;6588
3896;6588
3897;6589
3898;6590
3899;6591
3900;6592
3901;6592
3902;6592
3903;6593
3904;6593
3905;6594
3906;6594
3907;6595
3908;6595
3909;6596
3910;6596
3911;6596
3912;6597
3913;6597
3914;6598
3915;6599
3916;6600
3917;6601
3918;6602
3919;6603
3920;6603
3921;6603
3922;6603
3923;6604
3924;6605
3925;6606
3926;6607
3927;6607
3928;6608
3929;6609
3930;6610
3931;6610
3932;6610
3933;6611
3934;6612
3935;6613
3936;6613
3937;6613
3938;6614
3939;6615
3940;6616
3941;6617
3942;6618
3943;6618
3944;6618
3945;6619
3946;6620
3947;6621
3948;6621
3949;6621
3950;6622
3951;6623
3952;6623
3953;6623
3954;6624
3955;6624
3956;6624
3957;6625
3958;6626
3959;6627
3960;6628
3961;6629
3962;6630
3963;6631
3964;6632
3965;6632
3966;6632
3967;6633
3968;6634
3969;6635
3970;6636
3971;6637
3972;6638
3973;6639
3974;6640
3975;6641
3976;6641
3977;6641
3978;6641
3979;6642
3980;6642
3981;6643
3982;6644
3983;6645
3984;6646
3985;6646
3986;6646
3987;6647
3988;6648
3989;6649
3990;6650
3991;6651
3992;6651
3993;6651
3994;6652
3995;6653
3996;6654
3997;6655
3998;6655
3999;6655
4000;6656
4001;6656
4002;6657
4003;6657
4004;6658
4005;6659
4006;6660
4007;6661
4008;6662
4009;6663
4010;6664
4011;6665
4012;6665
4013;6665
4014;6665
4015;6665
4016;6665
4017;6665
4018;6665
4019;6665
4020;6666
4021;6667
4022;6668
4023;6668
4024;6668
4025;6669
4026;6670
4027;6671
4028;6672
4029;6673
4030;6674
4031;6674
4032;6674
4033;6674
4034;6674
4035;6674
4036;6674
4037;6674
4038;6674
4039;6675
4040;6676
4041;6677
4042;6678
4043;6679
4044;6680
4045;6681
4046;6682
4047;6683
4048;6684
4049;6685
4050;6686
4051;6687
4052;6688
4053;6689
4054;6690
4055;6691
4056;6692
4057;6693
4058;6693
4059;6693
4060;6694
4061;6694
4062;6695
4063;6696
4064;6696
4065;6697
4066;6698
4067;6699
4068;6699
4069;6699
4070;6699
4071;6699
4072;6699
4073;6699
4074;6700
4075;6700
4076;6701
4077;6702
4078;6702
4079;6702
4080;6703
4081;6704
4082;6704
4083;6704
4084;6705
4085;6705
4086;6705
4087;6706
4088;6707
4089;6708
4090;6709
4091;6710
4092;6711
4093;6711
4094;6712
4095;6713
4096;6714
4097;6714
4098;6714
4099;6715
4100;6716
4101;6717
4102;6717
4103;6717
4104;6718
4105;6719
4106;6720
4107;6721
4108;6722
4109;6723
4110;6724
4111;6725
4112;6726
4113;6727
4114;6728
4115;6729
4116;6730
4117;6730
4118;6730
4119;6730
4120;6731
4121;6731
4122;6731
4123;6732
4124;6732
4125;6732
4126;6732
4127;6732
4128;6733
4129;6733
4130;6733
4131;6734
4132;6735
4133;6736
4134;6737
4135;6737
4136;6738
4137;6739
4138;6739
4139;6740
4140;6740
4141;6741
4142;6741
4143;6742
4144;6742
4145;6743
4146;6744
4147;6744
4148;6745
4149;6746
4150;6747
4151;6748
4152;6749
4153;6749
4154;6749
4155;6750
4156;6751
4157;6752
4158;6753
4159;6754
4160;6754
4161;6754
4162;6755
4163;6755
4164;6756
4165;6757
4166;6758
4167;6759
4168;6760
4169;6760
4170;6760
4171;6760
4172;6761
4173;6761
4174;6762
4175;6762
4176;6763
4177;6763
4178;6764
4179;6765
4180;6766
4181;6767
4182;6768
4183;6768
4184;6768
4185;6768
4186;6768
4187;6769
4188;6769
4189;6770
4190;6771
4191;6771
4192;6772
4193;6773
4194;6774
4195;6775
4196;6775
4197;6775
4198;6776
4199;6776
4200;6777
4201;6778
4202;6779
4203;6780
4204;6781
4205;6781
4206;6781
4207;6782
4208;6782
4209;6782
4210;6783
4211;6784
4212;6785
4213;6786
4214;6787
4215;6788
4216;6789
4217;6790
4218;6791
4219;6792
4220;6793
4221;6794
4222;6795
4223;6796
4224;6797
4225;6798
4226;6799
4227;6800
4228;6801
4229;6801
4230;6802
4231;6803
4232;6804
4233;6805
4234;6805
4235;6806
4236;6807
4237;6808
4238;6809
4239;6810
4240;6811
4241;6812
4242;6813
4243;6814
4244;6815
4245;6816
4246;6817
4247;6818
4248;6819
4249;6820
4250;6820
4251;6821
4252;6822
4253;6823
4254;6824
4255;6825
4256;6826
4257;6827
4258;6828
4259;6829
4260;6830
4261;6831
4262;6832
4263;6833
4264;6834
4265;6835
4266;6835
4267;6836
4268;6837
4269;6838
4270;6839
4271;6840
4272;6841
4273;6842
4274;6843
4275;6844
4276;6845
4277;6846
4278;6847
4279;6848
4280;6849
4281;6850
4282;6851
4283;6852
4284;6853
4285;6854
4286;6855
4287;6856
4288;6857
4289;6858
4290;6859
4291;6860
4292;6861
4293;6862
4294;6863
4295;6864
4296;6865
4297;6866
4298;6867
4299;6868
4300;6869
4301;6870
4302;6871
4303;6871
4304;6871
4305;6872
4306;6872
4307;6872
4308;6872
4309;6873
4310;6873
4311;6874
4312;6875
4313;6876
4314;6877
4315;6877
4316;6877
4317;6878
4318;6879
4319;6880
4320;6881
4321;6882
4322;6882
4323;6882
4324;6882
4325;6883
4326;6884
4327;6885
4328;6886
4329;6886
4330;6886
4331;6886
4332;6887
4333;6888
4334;6889
4335;6890
4336;6890
4337;6891
4338;6892
4339;6893
4340;6894
4341;6895
4342;6896
4343;6896
4344;6896
4345;6897
4346;6898
4347;6899
4348;6900
4349;6901
4350;6902
4351;6902
4352;6903
4353;6904
4354;6905
4355;6906
4356;6907
4357;6908
4358;6908
4359;6909
4360;6909
4361;6910
4362;6911
4363;6911
4364;6912
4365;6913
4366;6914
4367;6914
4368;6915
4369;6916
4370;6916
4371;6916
4372;6917
4373;6917
4374;6917
4375;6918
4376;6918
4377;6918
4378;6919
4379;6919
4380;6919
4381;6919
4382;6920
4383;6921
4384;6922
4385;6923
4386;6924
4387;6925
4388;6926
4389;6927
4390;6928
4391;6928
4392;6928
4393;6929
4394;6930
4395;6931
4396;6931
4397;6931
4398;6932
4399;6933
4400;6934
4401;6935
4402;6936
4403;6937
4404;6938
4405;6939
4406;6940
4407;6941
4408;6941
4409;6941
4410;6941
4411;6941
4412;6942
4413;6943
4414;6944
4415;6945
4416;6945
4417;6945
4418;6946
4419;6947
4420;6948
4421;6949
4422;6950
4423;6950
4424;6950
4425;6951
4426;6952
4427;6953
4428;6954
4429;6955
4430;6955
4431;6956
4432;6957
4433;6958
4434;6959
4435;6960
4436;6961
4437;6962
4438;6963
4439;6964
4440;6965
4441;6966
4442;6967
4443;6968
4444;6968
4445;6969
4446;6970
4447;6971
4448;6972
4449;6973
4450;6974
4451;6974
4452;6975
4453;6976
4454;6977
4455;6978
4456;6979
4457;6979
4458;6980
4459;6981
4460;6982
4461;6982
4462;6982
4463;6983
4464;6984
4465;6985
4466;6985
4467;6985
4468;6986
4469;6986
4470;6987
4471;6988
4472;6989
4473;6990
4474;6991
4475;6992
4476;6993
4477;6994
4478;6995
4479;6995
4480;6995
4481;6996
4482;6997
4483;6998
4484;6999
4485;6999
4486;6999
4487;7000
4488;7000
4489;7000
4490;7001
4491;7002
4492;7003
4493;7004
4494;7005
4495;7005
4496;7005
4497;7005
4498;7005
4499;7006
4500;7007
4501;7007
4502;7008
4503;7008
4504;7009
4505;7010
4506;7011
4507;7012
4508;7013
4509;7014
4510;7015
4511;7015
4512;7016
4513;7017
4514;7018
4515;7019
4516;7020
4517;7021
4518;7021
4519;7022
4520;7023
4521;7024
4522;7025
4523;7026
4524;7027
4525;7028
4526;7029
4527;7030
4528;7031
4529;7032
4530;7033
4531;7034
4532;7035
4533;7036
4534;7037
4535;7037
4536;7037
4537;7038
4538;7039
4539;7040
4540;7040
4541;7040
4542;7041
4543;7042
4544;7043
4545;7044
4546;7045
4547;7046
4548;7047
4549;7048
4550;7049
4551;7050
4552;7051
4553;7052
4554;7053
4555;7054
4556;7055
4557;7056
4558;7057
4559;7058
4560;7059
4561;7060
4562;7061
4563;7062
4564;7063
4565;7064
4566;7065
4567;7066
4568;7067
4569;7068
4570;7069
4571;7070
4572;7071
4573;7072
4574;7073
4575;7074
4576;7074
4577;7074
4578;7074
4579;7075
4580;7076
4581;7076
4582;7076
4583;7077
4584;7077
4585;7078
4586;7079
4587;7079
4588;7080
4589;7081
4590;7082
4591;7082
4592;7083
4593;7084
4594;7085
4595;7086
4596;7086
4597;7086
4598;7087
4599;7088
4600;7088
4601;7089
4602;7090
4603;7091
4604;7092
4605;7093
4606;7094
4607;7094
4608;7095
4609;7096
4610;7097
4611;7097
4612;7097
4613;7098
4614;7099
4615;7099
4616;7099
4617;7100
4848;7101
4849;7102
4850;7103
4851;7104
4852;7105
4853;7106
4854;7107
4855;7108
4856;7109
4857;7110
4858;7111
4859;7112
4860;7113
4861;7114
4862;7115
4863;7116
4864;7117
4865;7118
4866;7119
4867;7120
4868;7121
4869;7122
4870;7123
4871;7124
4872;7125
4873;7126
4874;7127
4875;7128
4876;7129
4877;7130
4878;7131
4879;7132
4880;7133
4881;7134
4882;7135
4883;7136
4884;7137
4885;7138
4886;7139
4887;7140
4888;7141
4889;7142
4890;7143
4891;7144
4892;7145
4893;7146
4894;7147
4895;7148
4896;7149
4897;7150
4898;7151
4899;7152
4900;7153
4901;7154
4902;7155
4903;7156
4904;7157
4905;7158
4906;7159
4907;7160
4908;7161
4909;7162
4910;7163
4911;7164
4912;7165
4913;7166
4914;7167
4915;7168
4916;7169
4917;7170
4918;7171
4919;7172
4920;7173
4921;7174
4922;7175
4923;7176
4924;7177
4925;7178
4926;7179
4927;7180
4928;7181
4929;7182
4930;7183
4931;7184
4932;7185
4933;7186
4934;7187
4935;7188
4936;7189
4937;7190
4938;7191
4939;7192
4940;7193
4941;7194
4942;7195
4943;7196
4944;7197
4945;7198
4946;7199
4947;7200
4948;7201
4949;7202
4950;7203
4951;7204
4952;7205
4953;7206
4954;7207
4955;7208
4956;7209
4957;7210
4958;7211
4959;7212
4960;7213
4961;7214
4962;7215
4963;7216
4964;7217
4965;7218
4966;7219
4967;7219
4968;7219
4969;7219
4970;7219
4971;7220
4972;7220
4973;7220
4974;7220
4975;7220
4976;7220
4977;7220
4978;7220
4979;7221
4980;7221
4981;7221
4982;7221
4983;7221
4984;7221
4985;7221
4986;7222
4987;7222
4988;7222
4989;7223
4990;7223
4991;7223
4992;7223
4993;7223
4994;7223
4995;7223
4996;7223
4997;7224
4998;7224
4999;7224
5000;7224
5001;7224
5002;7224
5003;7224
5004;7224
5005;7224
5006;7225
5007;7225
5008;7225
5009;7225
5010;7225
5011;7226
5012;7226
5013;7226
5014;7226
5015;7226
5016;7226
5017;7226
5018;7226
5019;7226
5020;7227
5021;7227
5022;7227
5023;7228
5024;7228
5025;7228
5026;7229
5027;7229
5028;7229
5029;7230
5030;7230
5031;7230
5032;7231
5033;7231
5034;7231
5035;7231
5036;7232
5037;7232
5038;7232
5039;7232
5040;7232
5041;7233
5042;7234
5043;7234
5044;7234
5045;7234
5046;7234
5047;7234
5048;7234
5049;7234
5050;7234
5051;7235
5052;7235
5053;7235
5054;7235
5055;7236
5056;7236
5057;7236
5058;7236
5059;7236
5060;7236
5061;7236
5062;7237
5063;7237
5064;7237
5065;7237
5066;7237
5067;7237
5068;7237
5069;7237
5070;7237
5071;7238
5072;7238
5073;7238
5074;7238
5075;7238
5076;7238
5077;7239
5078;7239
5079;7239
5080;7240
5081;7240
5082;7240
5083;7240
5084;7240
5085;7240
5086;7241
5087;7241
5088;7241
5089;7242
5090;7242
5091;7242
5092;7243
5093;7243
5094;7243
5095;7243
5096;7243
5097;7243
5098;7244
5099;7244
5100;7244
5101;7245
5102;7245
5103;7245
5104;7245
5105;7245
5106;7245
5107;7246
5108;7246
5109;7246
5110;7246
5111;7246
5112;7247
5113;7247
5114;7247
5115;7248
5116;7248
5117;7248
5118;7248
5119;7248
5120;7249
5121;7249
5122;7249
5123;7249
5124;7249
5125;7249
5126;7249
5127;7249
5128;7249
5129;7250
5130;7251
5131;7251
5132;7251
5133;7251
5134;7251
5135;7252
5136;7252
5137;7252
5138;7252
5139;7253
5140;7254
5141;7254
5142;7254
5143;7254
5144;7254
5145;7255
5146;7255
5147;7255
5148;7255
5149;7256
5150;7256
5151;7256
5152;7256
5153;7256
5154;7257
5155;7257
5156;7257
5157;7258
5158;7258
5159;7258
5160;7258
5161;7258
5162;7259
5163;7259
5164;7259
5165;7259
5166;7259
5167;7260
5168;7260
5169;7260
5170;7260
5171;7261
5172;7261
5173;7261
5174;7261
5175;7261
5176;7262
5177;7262
5178;7262
5179;7263
5180;7263
5181;7263
5182;7264
5183;7264
5184;7264
5185;7265
5186;7265
5187;7265
5188;7265
5189;7265
5190;7266
5191;7266
5192;7266
5193;7266
5194;7266
5195;7266
5196;7266
5197;7266
5198;7267
5199;7267
5200;7267
5201;7267
5202;7267
5203;7268
5204;7268
5205;7268
5206;7268
5207;7268
5208;7268
5209;7269
5210;7269
5211;7269
5212;7269
5213;7269
5214;7270
5215;7270
5216;7270
5217;7270
5218;7270
5219;7271
5220;7271
5221;7271
5222;7271
5223;7271
5224;7271
5225;7271
5226;7272
5227;7272
5228;7272
5229;7272
5230;7272
5231;7273
5232;7273
5233;7273
5234;7273
5235;7273
5236;7273
5237;7274
5238;7274
5239;7274
5240;7274
5241;7274
5242;7275
5243;7275
5244;7275
5245;7275
5246;7275
5247;7276
5248;7276
5249;7276
5250;7277
5251;7277
5252;7277
5253;7278
5254;7278
5255;7278
5256;7278
5257;7279
5258;7280
5259;7280
5260;7280
5261;7281
5262;7282
5263;7283
5264;7283
5265;7283
5266;7284
5267;7285
5268;7285
5269;7286
5270;7286
5271;7286
5272;7287
5273;7288
5274;7289
5275;7290
5276;7290
5277;7290
5278;7290
5279;7290
5280;7291
5281;7291
5282;7291
5283;7292
5284;7293
5285;7293
5286;7293
5287;7294
5288;7295
5289;7296
5290;7296
5291;7296
5292;7296
5293;7297
5294;7298
5295;7299
5296;7300
5297;7301
5298;7302
5299;7303
5300;7304
5301;7305
5302;7305
5303;7305
5304;7305
5305;7305
5306;7306
5307;7306
5308;7306
5309;7307
5310;7308
5311;7308
5312;7309
5313;7309
5314;7310
5315;7310
5316;7310
5317;7311
5318;7311
5319;7311
5320;7311
5321;7312
5322;7313
5323;7313
5324;7313
5325;7314
5326;7315
5327;7315
5328;7315
5329;7316
5330;7316
5331;7317
5332;7318
5333;7318
5334;7318
5335;7319
5336;7320
5337;7320
5338;7321
5339;7322
5340;7323
5341;7324
5342;7325
5343;7325
5344;7325
5345;7325
5346;7326
5347;7327
5348;7328
5349;7329
5350;7330
5351;7331
5352;7332
5353;7332
5354;7332
5355;7333
5356;7333
5357;7334
5358;7335
5359;7336
5360;7337
5361;7337
5362;7337
5363;7337
5364;7337
5365;7338
5366;7339
5367;7340
5368;7341
5369;7341
5370;7341
5371;7341
5372;7341
5373;7341
5374;7341
5375;7341
5376;7342
5377;7342
5378;7342
5379;7343
5380;7344
5381;7345
5382;7346
5383;7346
5384;7346
5385;7346
5386;7347
5387;7348
5388;7348
5389;7348
5390;7348
5391;7348
5392;7348
5393;7349
5394;7349
5395;7350
5396;7351
5397;7351
5398;7351
5399;7351
5400;7351
5401;7352
5402;7352
5403;7352
5404;7353
5405;7354
5406;7355
5407;7355
5408;7355
5409;7355
5410;7355
5411;7356
5412;7356
5413;7356
5414;7357
5415;7357
5416;7357
5417;7358
5418;7359
5419;7359
5420;7359
5421;7359
5422;7359
5423;7360
5424;7361
5425;7361
5426;7362
5427;7362
5428;7362
5429;7363
5430;7364
5431;7365
5432;7365
5433;7366
5434;7367
5435;7368
5436;7368
5437;7368
5438;7368
5439;7369
5440;7370
5441;7370
5442;7370
5443;7371
5444;7372
5445;7373
5446;7374
5447;7375
5448;7376
5449;7376
5450;7376
5451;7377
5452;7377
5453;7377
5454;7378
5455;7378
5456;7378
5457;7379
5458;7379
5459;7379
5460;7379
5461;7379
5462;7380
5463;7380
5464;7380
5465;7381
5466;7381
5467;7382
5468;7382
5469;7382
5470;7382
5471;7382
5472;7383
5473;7383
5474;7383
5475;7384
5476;7384
5477;7385
5478;7385
5479;7385
5480;7386
5481;7387
5482;7387
5483;7387
5484;7388
5485;7389
5486;7390
5487;7391
5488;7392
5489;7393
5490;7393
5491;7393
5492;7394
5493;7394
5494;7395
5495;7395
5496;7396
5497;7396
5498;7396
5499;7397
5500;7397
5501;7397
5502;7397
5503;7398
5504;7398
5505;7398
5506;7399
5507;7399
5508;7400
5509;7400
5510;7400
5511;7401
5512;7402
5513;7402
5514;7403
5515;7404
5516;7404
5517;7405
5518;7405
5519;7405
5520;7406
5521;7406
5522;7406
5523;7407
5524;7407
5525;7408
5526;7409
5527;7410
5528;7411
5529;7412
5530;7413
5531;7414
5532;7415
5533;7416
5534;7416
5535;7416
5536;7417
5537;7417
5538;7417
5539;7417
5540;7417
5541;7418
5542;7418
5543;7419
5544;7420
5545;7420
5546;7420
5547;7420
5548;7420
5549;7420
5550;7421
5551;7421
5552;7421
5553;7421
5554;7421
5555;7422
5556;7422
5557;7422
5558;7423
5559;7423
5560;7424
5561;7424
5562;7424
5563;7424
5564;7424
5565;7425
5566;7425
5567;7426
5568;7426
5569;7426
5570;7427
5571;7428
5572;7429
5573;7429
5574;7430
5575;7430
5576;7431
5577;7432
5578;7433
5579;7434
5580;7435
5581;7435
5582;7435
5583;7436
5584;7437
5585;7437
5586;7438
5587;7438
5588;7438
5589;7439
5590;7440
5591;7441
5592;7442
5593;7442
5594;7443
5595;7444
5596;7444
5597;7445
5598;7445
5599;7446
5600;7446
5601;7446
5602;7446
5603;7446
5604;7447
5605;7447
5606;7448
5607;7448
5608;7449
5609;7449
5610;7449
5611;7450
5612;7450
5613;7450
5614;7451
5615;7451
5616;7452
5617;7453
5618;7454
5619;7455
5620;7455
5621;7455
5622;7456
5623;7457
5624;7458
5625;7458
5626;7458
5627;7458
5628;7458
5629;7458
5630;7459
5631;7460
5632;7461
5633;7462
5634;7463
5635;7464
5636;7464
5637;7464
5638;7465
5639;7465
5640;7465
5641;7466
5642;7467
5643;7468
5644;7468
5645;7468
5646;7469
5647;7469
5648;7470
5649;7471
5650;7471
5651;7472
5652;7473
5653;7474
5654;7475
5655;7475
5656;7475
5657;7476
5658;7477
5659;7478
5660;7478
5661;7478
5662;7479
5663;7479
5664;7479
5665;7480
5666;7480
5667;7480
5668;7481
5669;7482
5670;7483
5671;7484
5672;7484
5673;7485
5674;7485
5675;7486
5676;7487
5677;7488
5678;7489
5679;7490
5680;7491
5681;7492
5682;7492
5683;7492
5684;7493
5685;7494
5686;7495
5687;7496
5688;7497
5689;7498
5690;7498
5691;7498
5692;7499
5693;7499
5694;7499
5695;7499
5696;7500
5697;7501
5698;7501
5699;7501
5700;7502
5701;7503
5702;7503
5703;7503
5704;7504
5705;7505
5706;7505
5707;7505
5708;7506
5709;7506
5710;7506
5711;7506
5712;7507
5713;7507
5714;7508
5715;7509
5716;7510
5717;7511
5718;7512
5719;7513
5720;7513
5721;7514
5722;7515
5723;7515
5724;7515
5725;7516
5726;7516
5727;7517
5728;7518
5729;7519
5730;7520
5731;7521
5732;7521
5733;7521
5734;7521
5735;7522
5736;7523
5737;7523
5738;7523
5739;7524
5740;7525
5741;7526
5742;7527
5743;7528
5744;7529
5745;7530
5746;7530
5747;7531
5748;7532
5749;7533
5750;7534
5751;7535
5752;7536
5753;7536
5754;7537
5755;7538
5756;7539
5757;7539
5758;7539
5759;7539
5760;7540
5761;7540
5762;7540
5763;7541
5764;7542
5765;7542
5766;7542
5767;7543
5768;7544
5769;7544
5770;7544
5771;7545
5772;7546
5773;7546
5774;7546
5775;7547
5776;7548
5777;7549
5778;7550
5779;7551
5780;7552
5781;7553
5782;7553
5783;7554
5784;7555
5785;7556
5786;7556
5787;7556
5788;7556
5789;7557
5790;7558
5791;7558
5792;7558
5793;7559
5794;7559
5795;7559
5796;7559
5797;7559
5798;7559
5799;7560
5800;7561
5801;7562
5802;7562
5803;7562
5804;7563
5805;7564
5806;7565
5807;7565
5808;7566
5809;7567
5810;7568
5811;7568
5812;7568
5813;7569
5814;7570
5815;7571
5816;7572
5817;7573
5818;7574
5819;7575
5820;7576
5821;7576
5822;7576
5823;7576
5824;7577
5825;7578
5826;7579
5827;7579
5828;7579
5829;7580
5830;7581
5831;7582
5832;7582
5833;7582
5834;7583
5835;7584
5836;7585
5837;7585
5838;7585
5839;7586
5840;7586
5841;7587
5842;7587
5843;7587
5844;7588
5845;7589
5846;7590
5847;7590
5848;7591
5849;7592
5850;7593
5851;7593
5852;7593
5853;7594
5854;7595
5855;7596
5856;7597
5857;7598
5858;7599
5859;7600
5860;7601
5861;7601
5862;7601
5863;7601
5864;7602
5865;7603
5866;7604
5867;7604
5868;7605
5869;7606
5870;7607
5871;7607
5872;7607
5873;7608
5874;7608
5875;7608
5876;7609
5877;7609
5878;7609
5879;7610
5880;7611
5881;7612
5882;7613
5883;7614
5884;7614
5885;7614
5886;7615
5887;7615
5888;7615
5889;7616
5890;7617
5891;7617
5892;7618
5893;7619
5894;7619
5895;7619
5896;7620
5897;7621
5898;7622
5899;7623
5900;7624
5901;7625
5902;7626
5903;7626
5904;7626
5905;7627
5906;7628
5907;7629
5908;7629
5909;7629
5910;7629
5911;7630
5912;7631
5913;7632
5914;7632
5915;7632
5916;7633
5917;7633
5918;7634
5919;7634
5920;7635
5921;7636
5922;7637
5923;7637
5924;7638
5925;7639
5926;7639
5927;7639
5928;7639
5929;7639
5930;7640
5931;7641
5932;7641
5933;7641
5934;7641
5935;7641
5936;7642
5937;7643
5938;7643
5939;7644
5940;7645
5941;7646
5942;7647
5943;7648
5944;7648
5945;7649
5946;7650
5947;7650
5948;7650
5949;7651
5950;7651
5951;7652
5952;7653
5953;7653
5954;7654
5955;7655
5956;7655
5957;7656
5958;7657
5959;7658
5960;7659
5961;7660
5962;7661
5963;7661
5964;7661
5965;7661
5966;7661
5967;7661
5968;7661
5969;7662
5970;7662
5971;7662
5972;7663
5973;7664
5974;7665
5975;7665
5976;7665
5977;7666
5978;7667
5979;7667
5980;7667
5981;7667
5982;7667
5983;7667
5984;7667
5985;7667
5986;7667
5987;7668
5988;7669
5989;7670
5990;7671
5991;7672
5992;7673
5993;7674
5994;7675
5995;7675
5996;7676
5997;7676
5998;7677
5999;7677
6000;7677
6001;7677
6002;7677
6003;7677
6004;7677
6005;7678
6006;7679
6007;7680
6008;7681
6009;7682
6010;7682
6011;7682
6012;7682
6013;7682
6014;7682
6015;7682
6016;7682
6017;7682
6018;7683
6019;7684
6020;7685
6021;7686
6022;7687
6023;7688
6024;7689
6025;7689
6026;7690
6027;7691
6028;7691
6029;7691
6030;7692
6031;7692
6032;7692
6033;7693
6034;7693
6035;7693
6036;7694
6037;7695
6038;7695
6039;7696
6040;7697
6041;7698
6042;7699
6043;7699
6044;7700
6045;7700
6046;7700
6047;7700
6048;7700
6049;7701
6050;7701
6051;7701
6052;7702
6053;7703
6054;7704
6055;7705
6056;7706
6057;7706
6058;7706
6059;7707
6060;7708
6061;7708
6062;7708
6063;7708
6064;7708
6065;7709
6066;7710
6067;7711
6068;7712
6069;7713
6070;7714
6071;7714
6072;7714
6073;7714
6074;7715
6075;7715
6076;7716
6077;7716
6078;7717
6079;7717
6080;7717
6081;7717
6082;7718
6083;7719
6084;7720
6085;7721
6086;7721
6087;7722
6088;7723
6089;7724
6090;7725
6091;7725
6092;7726
6093;7727
6094;7728
6095;7728
6096;7728
6097;7728
6098;7728
6099;7729
6100;7730
6101;7731
6102;7731
6103;7732
6104;7732
6105;7732
6106;7733
6107;7733
6108;7734
6109;7734
6110;7734
6111;7735
6112;7736
6113;7736
6114;7736
6115;7737
6116;7738
6117;7739
6118;7739
6119;7740
6120;7741
6121;7741
6122;7741
6123;7741
6124;7742
6125;7742
6126;7742
6127;7742
6128;7743
6129;7743
6130;7743
6131;7744
6132;7744
6133;7744
6134;7744
6135;7744
6136;7744
6137;7744
6138;7744
6139;7745
6140;7746
6141;7747
6142;7748
6143;7749
6144;7750
6145;7751
6146;7752
6147;7752
6148;7752
6149;7753
6150;7754
6151;7754
6152;7754
6153;7754
6154;7754
6155;7754
6156;7754
6157;7754
6158;7755
6159;7756
6160;7756
6161;7757
6162;7758
6163;7759
6164;7760
6165;7761
6166;7762
6167;7763
6168;7764
6169;7764
6170;7765
6171;7766
6172;7766
6173;7766
6174;7767
6175;7768
6176;7768
6177;7769
6178;7770
6179;7771
6180;7772
6181;7773
6182;7774
6183;7775
6184;7776
6185;7777
6186;7778
6187;7779
6188;7780
6189;7781
6190;7781
6191;7781
6192;7781
6193;7781
6194;7781
6195;7782
6196;7782
6197;7782
6198;7783
6199;7783
6200;7783
6201;7784
6202;7784
6203;7784
6204;7785
6205;7786
6206;7787
6207;7787
6208;7787
6209;7788
6210;7789
6211;7790
6212;7791
6213;7792
6214;7792
6215;7792
6216;7793
6217;7794
6218;7794
6219;7795
6220;7795
6221;7795
6222;7796
6223;7797
6224;7797
6225;7797
6226;7798
6227;7799
6228;7800
6229;7801
6230;7802
6231;7803
6232;7804
6233;7805
6234;7805
6235;7805
6236;7805
6237;7806
6238;7807
6239;7808
6240;7809
6241;7810
6242;7810
6243;7810
6244;7811
6245;7812
6246;7813
6247;7814
6248;7815
6249;7816
6250;7816
6251;7817
6252;7817
6253;7818
6254;7819
6255;7820
6256;7821
6257;7822
6258;7823
6259;7824
6260;7825
6261;7825
6262;7825
6263;7826
6264;7827
6265;7828
6266;7829
6267;7830
6268;7830
6269;7830
6270;7831
6271;7832
6272;7833
6273;7834
6274;7835
6275;7836
6276;7837
6277;7838
6278;7839
6279;7840
6280;7841
6281;7841
6282;7841
6283;7842
6284;7842
6285;7842
6286;7843
6287;7844
6288;7844
6289;7844
6290;7845
6291;7845
6292;7845
6293;7845
6294;7846
6295;7846
6296;7846
6297;7847
6298;7848
6299;7849
6300;7850
6301;7851
6302;7852
6303;7853
6304;7853
6305;7853
6306;7853
6307;7853
6308;7854
6309;7855
6310;7856
6311;7857
6312;7857
6313;7857
6314;7858
6315;7859
6316;7860
6317;7860
6318;7860
6319;7861
6320;7861
6321;7862
6322;7863
6323;7864
6324;7865
6325;7866
6326;7866
6327;7866
6328;7867
6329;7868
6330;7869
6331;7870
6332;7871
6333;7871
6334;7871
6335;7872
6336;7873
6337;7874
6338;7874
6339;7874
6340;7875
6341;7876
6342;7876
6343;7877
6344;7878
6345;7879
6346;7880
6347;7881
6348;7882
6349;7883
6350;7883
6351;7884
6352;7885
6353;7886
6354;7887
6355;7887
6356;7888
6357;7889
6358;7890
6359;7890
6360;7891
6361;7892
6362;7893
6363;7894
6364;7894
6365;7894
6366;7895
6367;7896
6368;7897
6369;7898
6370;7899
6371;7900
6372;7901
6373;7902
6374;7903
6375;7904
6376;7905
6377;7906
6378;7907
6379;7908
6380;7909
6381;7909
6382;7910
6383;7911
6384;7912
6385;7913
6386;7913
6387;7913
6388;7913
6389;7914
6390;7915
6391;7916
6392;7917
6393;7918
6394;7918
6395;7918
6396;7919
6397;7920
6398;7921
6399;7922
6400;7923
6401;7924
6402;7925
6403;7925
6404;7925
6405;7926
6406;7927
6407;7927
6408;7928
6409;7929
6410;7930
6411;7930
6412;7930
6413;7931
6414;7931
6415;7931
6416;7932
6417;7933
6418;7934
6419;7934
6420;7934
6421;7935
6422;7936
6423;7936
6424;7936
6425;7937
6426;7938
6427;7939
6428;7940
6429;7941
6430;7942
6431;7943
6432;7944
6433;7945
6434;7946
6435;7947
6436;7948
6437;7949
6438;7950
6439;7951
6440;7951
6441;7951
6442;7951
6443;7952
6444;7953
6445;7954
6446;7955
6447;7956
6448;7957
6449;7958
6450;7959
6451;7960
6452;7961
6453;7962
6454;7962
6455;7963
6456;7964
6457;7964
6458;7964
6459;7965
6460;7965
6461;7965
6462;7965
6463;7965
6464;7966
6465;7967
6466;7968
6467;7969
6468;7970
6469;7971
6470;7972
6471;7972
6472;7973
6473;7974
6474;7975
6475;7976
6476;7977
6477;7978
6478;7979
6479;7980
6480;7981
6481;7982
6482;7983
6483;7984
6484;7985
6485;7986
6486;7987
6487;7988
6488;7989
6489;7990
6490;7991
6491;7992
6492;7993
6493;7993
6494;7993
6495;7994
6496;7995
6497;7995
6498;7995
6499;7996
6500;7996
6501;7997
6502;7998
6503;7999
6504;7999
6505;7999
6506;8000
6507;8001
6508;8002
6509;8003
6510;8004
6511;8005
6512;8006
6513;8007
6514;8008
6515;8009
6516;8010
6517;8011
6518;8012
6519;8013
6520;8014
6521;8015
6522;8016
6523;8016
6524;8017
6525;8018
6526;8019
6527;8020
6528;8021
6529;8022
6530;8023
6531;8024
6532;8025
6533;8026
6534;8027
6535;8028
6536;8029
6537;8030
6538;8031
6539;8031
6540;8031
6541;8032
6542;8032
6543;8032
6544;8032
6545;8032
6546;8033
6547;8033
6548;8033
6549;8034
6550;8035
6551;8036
6552;8037
6553;8038
6554;8039
6555;8039
6556;8040
6557;8041
6558;8042
6559;8043
6560;8044
6561;8044
6562;8044
6563;8045
6564;8046
6565;8046
6566;8047
6567;8048
6568;8049
6569;8050
6570;8051
6571;8052
6572;8053
6573;8054
6574;8055
6575;8056
6576;8057
6577;8058
6578;8059
6579;8060
6580;8061
6581;8062
6582;8063
6583;8064
6584;8065
6585;8066
6586;8067
6587;8068
6588;8069
6589;8070
6590;8071
6591;8072
6592;8073
6593;8073
6594;8073
6595;8073
6596;8074
6597;8075
6598;8075
6599;8076
6600;8077
6601;8078
6602;8079
6603;8080
6604;8081
6605;8082
6606;8083
6607;8083
6608;8083
6609;8083
6610;8083
6611;8083
6612;8083
6613;8083
6614;8083
6615;8084
6616;8084
6617;8084
6618;8085
6619;8086
6620;8087
6621;8087
6622;8087
6623;8087
6624;8087
6625;8088
6626;8089
6627;8090
6628;8090
6629;8090
6630;8091
6631;8092
6632;8093
6633;8094
6634;8095
6635;8096
6636;8097
6637;8098
6638;8099
6639;8100
6640;8101
6641;8102
6642;8103
6643;8103
6644;8103
6645;8104
6646;8104
6647;8104
6648;8105
6649;8105
6650;8105
6651;8106
6652;8107
6653;8107
6654;8107
6655;8108
6656;8109
6657;8109
6658;8109
6659;8110
6660;8111
6661;8112
6662;8113
6663;8114
6664;8115
6665;8116
6666;8116
6667;8117
6668;8118
6669;8118
6670;8118
6671;8118
6672;8118
6673;8119
6674;8120
6675;8120
6676;8121
6677;8122
6678;8123
6679;8124
6680;8125
6681;8126
6682;8127
6683;8128
6684;8129
6685;8129
6686;8129
6687;8130
6688;8131
6689;8131
6690;8131
6691;8132
6692;8133
6693;8134
6694;8135
6695;8136
6696;8137
6697;8138
6698;8139
6699;8140
6700;8140
6701;8141
6702;8142
6703;8142
6704;8142
6705;8143
6706;8143
6707;8143
6708;8143
6709;8143
6710;8143
6711;8143
6712;8143
6713;8143
6714;8144
6715;8144
6716;8144
6717;8145
6718;8145
6719;8145
6720;8146
6721;8147
6722;8148
6723;8149
6724;8150
6725;8151
6726;8152
6727;8153
6728;8153
6729;8154
6730;8155
6731;8155
6732;8155
6733;8155
6734;8156
6735;8156
6736;8156
6737;8157
6738;8157
6739;8158
6740;8158
6741;8158
6742;8159
6743;8159
6744;8160
6745;8161
6746;8162
6747;8163
6748;8163
6749;8164
6750;8165
6751;8166
6752;8166
6753;8167
6754;8168
6755;8169
6756;8169
6757;8170
6758;8171
6759;8172
6760;8173
6761;8173
6762;8174
6763;8175
6764;8176
6765;8177
6766;8178
6767;8179
6768;8180
6769;8181
6770;8182
6771;8183
6772;8184
6773;8185
6774;8186
6775;8186
6776;8186
6777;8187
6778;8188
6779;8188
6780;8188
6781;8189
6782;8189
6783;8190
6784;8190
6785;8190
6786;8191
6787;8192
6788;8193
6789;8194
6790;8195
6791;8196
6792;8197
6793;8198
6794;8199
6795;8200
6796;8201
6797;8202
6798;8203
6799;8204
6800;8205
6801;8206
6802;8207
6803;8207
6804;8208
6805;8209
6806;8210
6807;8211
6808;8211
6809;8212
6810;8213
6811;8214
6812;8215
6813;8216
6814;8217
6815;8218
6816;8219
6817;8219
6818;8219
6819;8220
6820;8221
6821;8222
6822;8223
6823;8223
6824;8224
6825;8225
6826;8226
6827;8227
6828;8228
6829;8229
6830;8230
6831;8231
6832;8232
6833;8233
6834;8234
6835;8235
6836;8236
6837;8237
6838;8238
6839;8239
6840;8240
6841;8241
6842;8242
6843;8243
6844;8244
6845;8245
6846;8246
6847;8247
6848;8248
6849;8249
6850;8250
6851;8251
6852;8251
6853;8252
6854;8253
6855;8254
6856;8255
6857;8256
6858;8257
6859;8257
6860;8258
6861;8259
6862;8259
6863;8260
6864;8261
6865;8262
6866;8263
6867;8263
6868;8263
6869;8263
6870;8264
6871;8265
6872;8266
6873;8266
6874;8267
6875;8267
6876;8267
6877;8268
6878;8269
6879;8270
6880;8270
6881;8270
6882;8271
6883;8272
6884;8273
6885;8273
6886;8274
6887;8275
6888;8276
6889;8276
6890;8277
6891;8277
6892;8277
6893;8277
6894;8278
6895;8278
6896;8279
6897;8279
6898;8280
6899;8280
6900;8280
6901;8280
6902;8281
6903;8281
6904;8282
6905;8283
6906;8284
6907;8285
6908;8286
6909;8286
6910;8286
6911;8286
6912;8287
6913;8287
6914;8287
6915;8287
6916;8288
6917;8288
6918;8288
6919;8288
6920;8289
6921;8289
6922;8289
6923;8289
6924;8290
6925;8290
6926;8290
6927;8290
6928;8291
6929;8292
6930;8293
6931;8294
6932;8295
6933;8296
6934;8297
6935;8298
6936;8299
6937;8300
6938;8301
6939;8302
6940;8303
6941;8304
6942;8304
6943;8304
6944;8305
6945;8305
6946;8305
6947;8306
6948;8307
6949;8308
6950;8309
6951;8309
6952;8309
6953;8310
6954;8311
6955;8311
6956;8311
6957;8311
6958;8312
6959;8313
6960;8313
6961;8313
6962;8313
6963;8313
6964;8314
6965;8315
6966;8316
6967;8316
6968;8316
6969;8317
6970;8318
6971;8319
6972;8320
6973;8321
6974;8322
6975;8323
6976;8324
6977;8325
6978;8326
6979;8327
6980;8327
6981;8328
6982;8329
6983;8330
6984;8331
6985;8332
6986;8333
6987;8334
6988;8335
6989;8336
6990;8336
6991;8337
6992;8338
6993;8338
6994;8339
6995;8339
6996;8339
6997;8340
6998;8340
6999;8340
7000;8340
7001;8340
7002;8340
7003;8341
7004;8341
7005;8342
7006;8342
7007;8342
7008;8343
7009;8344
7010;8344
7011;8345
7012;8345
7013;8345
7014;8345
7015;8346
7016;8346
7017;8347
7018;8347
7019;8348
7020;8349
7021;8349
7022;8349
7023;8350
7024;8351
7025;8352
7026;8353
7027;8354
7028;8355
7029;8355
7030;8355
7031;8355
7032;8356
7033;8356
7034;8357
7035;8357
7036;8357
7037;8358
7038;8359
7039;8360
7040;8361
7041;8362
7042;8363
7043;8364
7044;8365
7045;8366
7046;8367
7047;8368
7048;8368
7049;8368
7050;8368
7051;8369
7052;8370
7053;8371
7054;8371
7055;8371
7056;8372
7057;8373
7058;8374
7059;8374
7060;8374
7061;8374
7062;8374
7063;8374
7064;8374
7065;8374
7066;8375
7067;8375
7068;8375
7069;8375
7070;8376
7071;8376
7072;8376
7073;8376
7074;8377
7075;8377
7076;8377
7077;8377
7078;8377
7079;8377
7080;8377
7081;8377
7082;8378
7083;8378
7084;8378
7085;8378
7086;8379
7087;8380
7088;8380
7089;8380
7090;8381
7091;8382
7092;8383
7093;8383
7094;8383
7095;8383
7096;8383
7097;8384
7098;8385
7099;8386
7100;8387
7219;8388
7220;8389
7221;8390
7222;8391
7223;8392
7224;8393
7225;8394
7226;8395
7227;8396
7228;8397
7229;8398
7230;8399
7231;8400
7232;8401
7233;8402
7234;8403
7235;8404
7236;8405
7237;8406
7238;8407
7239;8408
7240;8409
7241;8410
7242;8411
7243;8412
7244;8413
7245;8414
7246;8415
7247;8416
7248;8417
7249;8418
7250;8419
7251;8420
7252;8421
7253;8422
7254;8423
7255;8424
7256;8425
7257;8426
7258;8427
7259;8428
7260;8429
7261;8430
7262;8431
7263;8432
7264;8433
7265;8434
7266;8435
7267;8436
7268;8437
7269;8438
7270;8439
7271;8440
7272;8441
7273;8442
7274;8443
7275;8444
7276;8445
7277;8446
7278;8447
7279;8447
7280;8447
7281;8447
7282;8447
7283;8447
7284;8447
7285;8448
7286;8448
7287;8448
7288;8448
7289;8448
7290;8449
7291;8449
7292;8449
7293;8449
7294;8449
7295;8450
7296;8450
7297;8450
7298;8450
7299;8450
7300;8451
7301;8451
7302;8451
7303;8451
7304;8451
7305;8452
7306;8452
7307;8452
7308;8453
7309;8453
7310;8453
7311;8453
7312;8453
7313;8454
7314;8454
7315;8454
7316;8454
7317;8454
7318;8455
7319;8455
7320;8455
7321;8455
7322;8455
7323;8456
7324;8456
7325;8456
7326;8456
7327;8456
7328;8456
7329;8456
7330;8457
7331;8457
7332;8457
7333;8457
7334;8457
7335;8457
7336;8458
7337;8458
7338;8458
7339;8458
7340;8458
7341;8459
7342;8459
7343;8459
7344;8459
7345;8459
7346;8460
7347;8460
7348;8460
7349;8460
7350;8460
7351;8461
7352;8461
7353;8461
7354;8462
7355;8462
7356;8462
7357;8462
7358;8462
7359;8463
7360;8463
7361;8463
7362;8463
7363;8463
7364;8463
7365;8463
7366;8463
7367;8464
7368;8464
7369;8464
7370;8464
7371;8464
7372;8464
7373;8464
7374;8464
7375;8464
7376;8465
7377;8465
7378;8465
7379;8466
7380;8466
7381;8466
7382;8466
7383;8466
7384;8467
7385;8467
7386;8467
7387;8467
7388;8467
7389;8467
7390;8467
7391;8467
7392;8467
7393;8468
7394;8468
7395;8468
7396;8468
7397;8468
7398;8468
7399;8468
7400;8468
7401;8468
7402;8469
7403;8469
7404;8469
7405;8469
7406;8469
7407;8470
7408;8470
7409;8470
7410;8470
7411;8470
7412;8470
7413;8470
7414;8470
7415;8470
7416;8471
7417;8471
7418;8471
7419;8471
7420;8472
7421;8472
7422;8472
7423;8473
7424;8473
7425;8473
7426;8474
7427;8474
7428;8474
7429;8474
7430;8474
7431;8474
7432;8474
7433;8474
7434;8474
7435;8475
7436;8475
7437;8475
7438;8475
7439;8475
7440;8475
7441;8476
7442;8477
7443;8478
7444;8478
7445;8478
7446;8479
7447;8479
7448;8479
7449;8480
7450;8481
7451;8482
7452;8482
7453;8482
7454;8483
7455;8484
7456;8485
7457;8486
7458;8486
7459;8486
7460;8487
7461;8488
7462;8489
7463;8490
7464;8491
7465;8492
7466;8493
7467;8494
7468;8494
7469;8494
7470;8494
7471;8495
7472;8495
7473;8496
7474;8496
7475;8497
7476;8498
7477;8499
7478;8500
7479;8501
7480;8501
7481;8501
7482;8501
7483;8502
7484;8503
7485;8503
7486;8503
7487;8503
7488;8503
7489;8504
7490;8504
7491;8504
7492;8505
7493;8506
7494;8507
7495;8507
7496;8507
7497;8508
7498;8509
7499;8510
7500;8510
7501;8510
7502;8510
7503;8510
7504;8511
7505;8512
7506;8512
7507;8512
7508;8513
7509;8514
7510;8515
7511;8516
7512;8517
7513;8517
7514;8517
7515;8518
7516;8518
7517;8518
7518;8519
7519;8519
7520;8519
7521;8520
7522;8520
7523;8521
7524;8522
7525;8523
7526;8523
7527;8523
7528;8523
7529;8523
7530;8524
7531;8524
7532;8524
7533;8524
7534;8524
7535;8525
7536;8526
7537;8526
7538;8526
7539;8526
7540;8526
7541;8527
7542;8528
7543;8528
7544;8528
7545;8528
7546;8528
7547;8529
7548;8529
7549;8530
7550;8530
7551;8530
7552;8531
7553;8532
7554;8533
7555;8534
7556;8534
7557;8534
7558;8534
7559;8534
7560;8534
7561;8534
7562;8534
7563;8534
7564;8535
7565;8536
7566;8536
7567;8536
7568;8536
7569;8536
7570;8536
7571;8536
7572;8537
7573;8537
7574;8537
7575;8538
7576;8539
7577;8540
7578;8541
7579;8542
7580;8543
7581;8544
7582;8545
7583;8545
7584;8546
7585;8546
7586;8546
7587;8546
7588;8546
7589;8546
7590;8547
7591;8547
7592;8547
7593;8548
7594;8549
7595;8549
7596;8549
7597;8550
7598;8551
7599;8551
7600;8551
7601;8551
7602;8551
7603;8551
7604;8551
7605;8551
7606;8551
7607;8552
7608;8552
7609;8552
7610;8552
7611;8553
7612;8553
7613;8553
7614;8554
7615;8554
7616;8554
7617;8554
7618;8554
7619;8555
7620;8555
7621;8555
7622;8555
7623;8555
7624;8556
7625;8556
7626;8557
7627;8558
7628;8559
7629;8560
7630;8561
7631;8562
7632;8562
7633;8562
7634;8563
7635;8564
7636;8565
7637;8566
7638;8567
7639;8568
7640;8568
7641;8568
7642;8568
7643;8568
7644;8568
7645;8568
7646;8568
7647;8569
7648;8570
7649;8571
7650;8572
7651;8573
7652;8573
7653;8573
7654;8574
7655;8575
7656;8576
7657;8577
7658;8578
7659;8579
7660;8580
7661;8581
7662;8582
7663;8583
7664;8584
7665;8585
7666;8585
7667;8586
7668;8587
7669;8587
7670;8588
7671;8589
7672;8590
7673;8591
7674;8592
7675;8592
7676;8592
7677;8592
7678;8592
7679;8592
7680;8593
7681;8594
7682;8594
7683;8594
7684;8594
7685;8594
7686;8595
7687;8596
7688;8596
7689;8597
7690;8598
7691;8599
7692;8599
7693;8600
7694;8601
7695;8602
7696;8603
7697;8604
7698;8604
7699;8604
7700;8605
7701;8606
7702;8606
7703;8607
7704;8608
7705;8609
7706;8609
7707;8609
7708;8610
7709;8610
7710;8610
7711;8611
7712;8611
7713;8611
7714;8612
7715;8613
7716;8614
7717;8615
7718;8616
7719;8617
7720;8618
7721;8619
7722;8620
7723;8621
7724;8622
7725;8623
7726;8624
7727;8625
7728;8625
7729;8625
7730;8626
7731;8627
7732;8628
7733;8628
7734;8628
7735;8629
7736;8630
7737;8631
7738;8632
7739;8633
7740;8634
7741;8635
7742;8635
7743;8635
7744;8636
7745;8636
7746;8637
7747;8637
7748;8638
7749;8638
7750;8639
7751;8639
7752;8640
7753;8641
7754;8642
7755;8642
7756;8642
7757;8642
7758;8642
7759;8643
7760;8643
7761;8643
7762;8643
7763;8644
7764;8644
7765;8644
7766;8645
7767;8645
7768;8645
7769;8645
7770;8645
7771;8645
7772;8646
7773;8646
7774;8646
7775;8647
7776;8647
7777;8647
7778;8647
7779;8647
7780;8647
7781;8648
7782;8648
7783;8648
7784;8649
7785;8649
7786;8650
7787;8650
7788;8650
7789;8651
7790;8651
7791;8651
7792;8652
7793;8652
7794;8653
7795;8653
7796;8653
7797;8654
7798;8655
7799;8655
7800;8655
7801;8656
7802;8656
7803;8656
7804;8657
7805;8658
7806;8658
7807;8659
7808;8659
7809;8660
7810;8661
7811;8662
7812;8663
7813;8663
7814;8663
7815;8664
7816;8664
7817;8664
7818;8665
7819;8665
7820;8665
7821;8665
7822;8665
7823;8665
7824;8665
7825;8666
7826;8667
7827;8668
7828;8669
7829;8670
7830;8670
7831;8670
7832;8670
7833;8671
7834;8671
7835;8671
7836;8672
7837;8673
7838;8673
7839;8673
7840;8674
7841;8675
7842;8675
7843;8675
7844;8676
7845;8676
7846;8676
7847;8677
7848;8678
7849;8678
7850;8679
7851;8680
7852;8681
7853;8682
7854;8683
7855;8684
7856;8685
7857;8686
7858;8687
7859;8688
7860;8689
7861;8689
7862;8689
7863;8690
7864;8691
7865;8692
7866;8692
7867;8692
7868;8693
7869;8694
7870;8695
7871;8696
7872;8696
7873;8696
7874;8697
7875;8697
7876;8698
7877;8699
7878;8700
7879;8700
7880;8700
7881;8701
7882;8702
7883;8703
7884;8704
7885;8705
7886;8706
7887;8707
7888;8708
7889;8709
7890;8709
7891;8709
7892;8710
7893;8711
7894;8712
7895;8713
7896;8713
7897;8713
7898;8714
7899;8715
7900;8716
7901;8717
7902;8718
7903;8719
7904;8720
7905;8721
7906;8722
7907;8722
7908;8722
7909;8723
7910;8723
7911;8723
7912;8724
7913;8724
7914;8724
7915;8725
7916;8725
7917;8725
7918;8726
7919;8727
7920;8728
7921;8728
7922;8728
7923;8729
7924;8729
7925;8730
7926;8731
7927;8732
7928;8733
7929;8734
7930;8735
7931;8736
7932;8737
7933;8738
7934;8739
7935;8740
7936;8741
7937;8741
7938;8741
7939;8741
7940;8741
7941;8742
7942;8742
7943;8742
7944;8743
7945;8744
7946;8744
7947;8744
7948;8745
7949;8746
7950;8746
7951;8746
7952;8746
7953;8746
7954;8747
7955;8748
7956;8749
7957;8750
7958;8751
7959;8752
7960;8753
7961;8754
7962;8755
7963;8756
7964;8757
7965;8758
7966;8759
7967;8760
7968;8760
7969;8760
7970;8761
7971;8761
7972;8761
7973;8761
7974;8762
7975;8762
7976;8762
7977;8762
7978;8763
7979;8764
7980;8765
7981;8766
7982;8767
7983;8768
7984;8769
7985;8769
7986;8769
7987;8770
7988;8771
7989;8772
7990;8773
7991;8774
7992;8775
7993;8776
7994;8776
7995;8777
7996;8777
7997;8777
7998;8778
7999;8779
8000;8780
8001;8781
8002;8781
8003;8782
8004;8782
8005;8782
8006;8783
8007;8784
8008;8784
8009;8784
8010;8785
8011;8785
8012;8786
8013;8787
8014;8787
8015;8787
8016;8787
8017;8787
8018;8787
8019;8788
8020;8788
8021;8788
8022;8789
8023;8790
8024;8791
8025;8792
8026;8793
8027;8793
8028;8793
8029;8794
8030;8795
8031;8796
8032;8796
8033;8796
8034;8797
8035;8798
8036;8799
8037;8799
8038;8799
8039;8800
8040;8800
8041;8800
8042;8801
8043;8802
8044;8803
8045;8804
8046;8805
8047;8806
8048;8807
8049;8807
8050;8807
8051;8808
8052;8809
8053;8809
8054;8809
8055;8810
8056;8811
8057;8811
8058;8812
8059;8813
8060;8814
8061;8815
8062;8816
8063;8817
8064;8818
8065;8819
8066;8820
8067;8821
8068;8821
8069;8821
8070;8821
8071;8821
8072;8821
8073;8822
8074;8822
8075;8822
8076;8823
8077;8824
8078;8825
8079;8826
8080;8827
8081;8827
8082;8828
8083;8829
8084;8829
8085;8829
8086;8830
8087;8830
8088;8830
8089;8831
8090;8831
8091;8831
8092;8832
8093;8832
8094;8832
8095;8833
8096;8834
8097;8835
8098;8836
8099;8837
8100;8838
8101;8839
8102;8840
8103;8840
8104;8840
8105;8840
8106;8840
8107;8841
8108;8842
8109;8842
8110;8842
8111;8843
8112;8844
8113;8845
8114;8846
8115;8847
8116;8848
8117;8848
8118;8849
8119;8850
8120;8851
8121;8851
8122;8852
8123;8853
8124;8853
8125;8853
8126;8854
8127;8855
8128;8856
8129;8857
8130;8858
8131;8859
8132;8860
8133;8861
8134;8862
8135;8862
8136;8862
8137;8862
8138;8863
8139;8864
8140;8865
8141;8865
8142;8866
8143;8866
8144;8866
8145;8866
8146;8867
8147;8867
8148;8867
8149;8867
8150;8868
8151;8868
8152;8868
8153;8869
8154;8870
8155;8871
8156;8871
8157;8872
8158;8872
8159;8872
8160;8873
8161;8873
8162;8873
8163;8873
8164;8874
8165;8874
8166;8875
8167;8876
8168;8877
8169;8878
8170;8878
8171;8879
8172;8880
8173;8880
8174;8880
8175;8880
8176;8880
8177;8881
8178;8881
8179;8881
8180;8882
8181;8883
8182;8883
8183;8884
8184;8884
8185;8884
8186;8885
8187;8886
8188;8887
8189;8887
8190;8887
8191;8888
8192;8888
8193;8889
8194;8890
8195;8891
8196;8892
8197;8893
8198;8894
8199;8895
8200;8896
8201;8897
8202;8898
8203;8899
8204;8900
8205;8901
8206;8902
8207;8902
8208;8902
8209;8902
8210;8902
8211;8903
8212;8903
8213;8903
8214;8903
8215;8904
8216;8905
8217;8906
8218;8907
8219;8907
8220;8907
8221;8907
8222;8907
8223;8908
8224;8908
8225;8908
8226;8908
8227;8909
8228;8910
8229;8911
8230;8912
8231;8912
8232;8912
8233;8912
8234;8912
8235;8913
8236;8913
8237;8913
8238;8913
8239;8913
8240;8913
8241;8914
8242;8915
8243;8916
8244;8917
8245;8918
8246;8919
8247;8919
8248;8919
8249;8920
8250;8921
8251;8922
8252;8923
8253;8924
8254;8925
8255;8925
8256;8926
8257;8927
8258;8928
8259;8929
8260;8930
8261;8931
8262;8932
8263;8933
8264;8934
8265;8935
8266;8935
8267;8935
8268;8935
8269;8936
8270;8937
8271;8937
8272;8937
8273;8938
8274;8938
8275;8938
8276;8939
8277;8939
8278;8939
8279;8939
8280;8939
8281;8940
8282;8940
8283;8940
8284;8940
8285;8940
8286;8941
8287;8942
8288;8942
8289;8942
8290;8943
8291;8944
8292;8944
8293;8945
8294;8945
8295;8945
8296;8946
8297;8947
8298;8947
8299;8947
8300;8948
8301;8949
8302;8949
8303;8950
8304;8951
8305;8952
8306;8953
8307;8954
8308;8955
8309;8956
8310;8957
8311;8958
8312;8959
8313;8960
8314;8961
8315;8961
8316;8962
8317;8963
8318;8964
8319;8965
8320;8966
8321;8967
8322;8967
8323;8967
8324;8968
8325;8969
8326;8970
8327;8971
8328;8972
8329;8973
8330;8974
8331;8975
8332;8976
8333;8977
8334;8978
8335;8979
8336;8980
8337;8980
8338;8980
8339;8981
8340;8981
8341;8981
8342;8982
8343;8982
8344;8982
8345;8983
8346;8984
8347;8984
8348;8984
8349;8985
8350;8985
8351;8985
8352;8986
8353;8986
8354;8986
8355;8987
8356;8987
8357;8987
8358;8987
8359;8987
8360;8987
8361;8987
8362;8987
8363;8987
8364;8988
8365;8988
8366;8988
8367;8988
8368;8989
8369;8989
8370;8989
8371;8990
8372;8990
8373;8990
8374;8991
8375;8991
8376;8991
8377;8991
8378;8991
8379;8992
8380;8993
8381;8994
8382;8995
8383;8996
8384;8997
8385;8997
8386;8998
8387;8999
8447;9000
8448;9001
8449;9002
8450;9003
8451;9004
8452;9005
8453;9006
8454;9007
8455;9008
8456;9009
8457;9010
8458;9011
8459;9012
8460;9013
8461;9014
8462;9015
8463;9016
8464;9017
8465;9018
8466;9019
8467;9020
8468;9021
8469;9022
8470;9023
8471;9024
8472;9025
8473;9026
8474;9027
8475;9028
8476;9029
8477;9030
8478;9030
8479;9030
8480;9030
8481;9030
8482;9031
8483;9031
8484;9031
8485;9031
8486;9031
8487;9031
8488;9031
8489;9031
8490;9031
8491;9032
8492;9032
8493;9032
8494;9032
8495;9032
8496;9032
8497;9032
8498;9032
8499;9032
8500;9033
8501;9033
8502;9033
8503;9033
8504;9033
8505;9033
8506;9033
8507;9033
8508;9033
8509;9034
8510;9034
8511;9034
8512;9034
8513;9034
8514;9034
8515;9034
8516;9034
8517;9035
8518;9035
8519;9035
8520;9035
8521;9035
8522;9035
8523;9036
8524;9036
8525;9036
8526;9037
8527;9037
8528;9037
8529;9037
8530;9037
8531;9037
8532;9037
8533;9037
8534;9038
8535;9038
8536;9039
8537;9039
8538;9039
8539;9039
8540;9039
8541;9039
8542;9039
8543;9039
8544;9039
8545;9040
8546;9040
8547;9040
8548;9041
8549;9041
8550;9041
8551;9042
8552;9042
8553;9042
8554;9043
8555;9043
8556;9043
8557;9043
8558;9043
8559;9044
8560;9044
8561;9044
8562;9044
8563;9044
8564;9044
8565;9044
8566;9044
8567;9044
8568;9045
8569;9045
8570;9045
8571;9046
8572;9047
8573;9048
8574;9048
8575;9048
8576;9049
8577;9050
8578;9051
8579;9052
8580;9053
8581;9054
8582;9054
8583;9054
8584;9055
8585;9056
8586;9056
8587;9056
8588;9057
8589;9058
8590;9059
8591;9060
8592;9061
8593;9062
8594;9062
8595;9062
8596;9063
8597;9064
8598;9065
8599;9066
8600;9066
8601;9066
8602;9067
8603;9068
8604;9069
8605;9069
8606;9069
8607;9070
8608;9071
8609;9072
8610;9072
8611;9072
8612;9073
8613;9074
8614;9075
8615;9075
8616;9075
8617;9075
8618;9075
8619;9075
8620;9075
8621;9076
8622;9077
8623;9078
8624;9079
8625;9080
8626;9080
8627;9080
8628;9080
8629;9080
8630;9080
8631;9080
8632;9080
8633;9081
8634;9082
8635;9083
8636;9083
8637;9083
8638;9084
8639;9085
8640;9086
8641;9087
8642;9088
8643;9088
8644;9088
8645;9089
8646;9090
8647;9091
8648;9091
8649;9091
8650;9092
8651;9093
8652;9094
8653;9094
8654;9094
8655;9094
8656;9094
8657;9095
8658;9095
8659;9095
8660;9096
8661;9096
8662;9096
8663;9097
8664;9097
8665;9097
8666;9097
8667;9097
8668;9097
8669;9097
8670;9098
8671;9099
8672;9099
8673;9100
8674;9101
8675;9102
8676;9102
8677;9102
8678;9102
8679;9102
8680;9103
8681;9103
8682;9103
8683;9103
8684;9103
8685;9104
8686;9104
8687;9104
8688;9105
8689;9106
8690;9107
8691;9107
8692;9107
8693;9107
8694;9107
8695;9107
8696;9108
8697;9109
8698;9110
8699;9111
8700;9112
8701;9113
8702;9114
8703;9115
8704;9115
8705;9115
8706;9115
8707;9116
8708;9117
8709;9118
8710;9118
8711;9119
8712;9120
8713;9120
8714;9120
8715;9121
8716;9122
8717;9123
8718;9124
8719;9125
8720;9126
8721;9127
8722;9128
8723;9129
8724;9129
8725;9129
8726;9130
8727;9131
8728;9132
8729;9132
8730;9132
8731;9132
8732;9132
8733;9132
8734;9132
8735;9133
8736;9134
8737;9135
8738;9135
8739;9136
8740;9137
8741;9137
8742;9137
8743;9137
8744;9138
8745;9138
8746;9138
8747;9138
8748;9138
8749;9139
8750;9140
8751;9141
8752;9141
8753;9142
8754;9142
8755;9143
8756;9143
8757;9144
8758;9144
8759;9144
8760;9145
8761;9146
8762;9146
8763;9146
8764;9147
8765;9147
8766;9147
8767;9148
8768;9149
8769;9150
8770;9151
8771;9152
8772;9153
8773;9153
8774;9153
8775;9154
8776;9155
8777;9155
8778;9155
8779;9155
8780;9156
8781;9156
8782;9156
8783;9156
8784;9157
8785;9157
8786;9157
8787;9158
8788;9158
8789;9158
8790;9158
8791;9158
8792;9158
8793;9159
8794;9159
8795;9159
8796;9160
8797;9160
8798;9160
8799;9161
8800;9162
8801;9162
8802;9162
8803;9162
8804;9162
8805;9162
8806;9162
8807;9163
8808;9164
8809;9165
8810;9165
8811;9165
8812;9166
8813;9166
8814;9167
8815;9168
8816;9168
8817;9168
8818;9169
8819;9170
8820;9171
8821;9172
8822;9172
8823;9172
8824;9173
8825;9174
8826;9175
8827;9175
8828;9175
8829;9176
8830;9176
8831;9176
8832;9177
8833;9178
8834;9178
8835;9179
8836;9179
8837;9179
8838;9180
8839;9181
8840;9182
8841;9182
8842;9182
8843;9182
8844;9182
8845;9182
8846;9182
8847;9182
8848;9183
8849;9183
8850;9183
8851;9183
8852;9183
8853;9183
8854;9183
8855;9183
8856;9184
8857;9184
8858;9184
8859;9185
8860;9186
8861;9187
8862;9188
8863;9188
8864;9188
8865;9188
8866;9188
8867;9188
8868;9188
8869;9188
8870;9188
8871;9189
8872;9189
8873;9189
8874;9190
8875;9190
8876;9190
8877;9191
8878;9191
8879;9191
8880;9192
8881;9192
8882;9192
8883;9192
8884;9192
8885;9193
8886;9193
8887;9193
8888;9193
8889;9193
8890;9193
8891;9193
8892;9194
8893;9194
8894;9194
8895;9195
8896;9195
8897;9195
8898;9196
8899;9196
8900;9196
8901;9196
8902;9197
8903;9198
8904;9199
8905;9200
8906;9201
8907;9202
8908;9203
8909;9204
8910;9205
8911;9206
8912;9207
8913;9208
8914;9208
8915;9208
8916;9209
8917;9210
8918;9211
8919;9212
8920;9212
8921;9212
8922;9213
8923;9214
8924;9215
8925;9215
8926;9215
8927;9215
8928;9215
8929;9216
8930;9217
8931;9218
8932;9219
8933;9220
8934;9221
8935;9222
8936;9223
8937;9224
8938;9224
8939;9224
8940;9224
8941;9225
8942;9225
8943;9225
8944;9226
8945;9227
8946;9228
8947;9228
8948;9228
8949;9229
8950;9229
8951;9230
8952;9231
8953;9232
8954;9233
8955;9233
8956;9233
8957;9233
8958;9234
8959;9235
8960;9236
8961;9237
8962;9237
8963;9237
8964;9238
8965;9239
8966;9240
8967;9240
8968;9240
8969;9240
8970;9240
8971;9241
8972;9242
8973;9243
8974;9243
8975;9243
8976;9244
8977;9244
8978;9244
8979;9245
8980;9246
8981;9247
8982;9247
8983;9247
8984;9247
8985;9247
8986;9248
8987;9249
8988;9250
8989;9251
8990;9252
8991;9253
8992;9253
8993;9253
8994;9254
8995;9255
8996;9256
8997;9257
8998;9257
8999;9257
9030;9258
9031;9259
9032;9260
9033;9261
9034;9262
9035;9263
9036;9264
9037;9265
9038;9266
9039;9267
9040;9268
9041;9269
9042;9270
9043;9271
9044;9272
9045;9273
9046;9273
9047;9273
9048;9273
9049;9273
9050;9273
9051;9273
9052;9273
9053;9274
9054;9274
9055;9274
9056;9274
9057;9274
9058;9274
9059;9274
9060;9274
9061;9275
9062;9275
9063;9275
9064;9275
9065;9275
9066;9276
9067;9276
9068;9276
9069;9276
9070;9276
9071;9276
9072;9277
9073;9277
9074;9277
9075;9277
9076;9277
9077;9277
9078;9277
9079;9277
9080;9278
9081;9278
9082;9278
9083;9278
9084;9278
9085;9278
9086;9278
9087;9278
9088;9279
9089;9279
9090;9279
9091;9280
9092;9280
9093;9280
9094;9281
9095;9281
9096;9281
9097;9282
9098;9283
9099;9284
9100;9285
9101;9286
9102;9287
9103;9287
9104;9287
9105;9288
9106;9289
9107;9289
9108;9289
9109;9290
9110;9291
9111;9292
9112;9293
9113;9294
9114;9295
9115;9295
9116;9295
9117;9295
9118;9296
9119;9297
9120;9298
9121;9298
9122;9299
9123;9300
9124;9301
9125;9301
9126;9302
9127;9303
9128;9304
9129;9304
9130;9304
9131;9305
9132;9305
9133;9305
9134;9305
9135;9305
9136;9306
9137;9307
9138;9307
9139;9307
9140;9308
9141;9309
9142;9310
9143;9311
9144;9312
9145;9312
9146;9312
9147;9312
9148;9312
9149;9313
9150;9314
9151;9315
9152;9316
9153;9317
9154;9318
9155;9319
9156;9319
9157;9319
9158;9320
9159;9321
9160;9322
9161;9322
9162;9322
9163;9322
9164;9322
9165;9323
9166;9323
9167;9323
9168;9324
9169;9324
9170;9324
9171;9325
9172;9326
9173;9327
9174;9328
9175;9329
9176;9329
9177;9329
9178;9330
9179;9331
9180;9332
9181;9333
9182;9334
9183;9335
9184;9335
9185;9336
9186;9336
9187;9337
9188;9338
9189;9338
9190;9338
9191;9338
9192;9339
9193;9339
9194;9339
9195;9339
9196;9339
9197;9340
9198;9340
9199;9340
9200;9340
9201;9340
9202;9341
9203;9341
9204;9341
9205;9341
9206;9341
9207;9342
9208;9342
9209;9342
9210;9342
9211;9342
9212;9343
9213;9344
9214;9345
9215;9346
9216;9347
9217;9348
9218;9349
9219;9350
9220;9351
9221;9351
9222;9351
9223;9351
9224;9352
9225;9352
9226;9352
9227;9352
9228;9352
9229;9352
9230;9353
9231;9353
9232;9353
9233;9354
9234;9354
9235;9354
9236;9355
9237;9355
9238;9355
9239;9355
9240;9356
9241;9357
9242;9358
9243;9359
9244;9360
9245;9361
9246;9362
9247;9362
9248;9362
9249;9363
9250;9364
9251;9365
9252;9366
9253;9367
9254;9367
9255;9368
9256;9369
9257;9370
9273;9371
9274;9372
9275;9373
9276;9374
9277;9375
9278;9376
9279;9377
9280;9378
9281;9379
9282;9379
9283;9379
9284;9379
9285;9379
9286;9379
9287;9380
9288;9380
9289;9380
9290;9380
9291;9380
9292;9380
9293;9380
9294;9380
9295;9381
9296;9381
9297;9381
9298;9381
9299;9381
9300;9381
9301;9381
9302;9381
9303;9381
9304;9382
9305;9382
9306;9382
9307;9383
9308;9383
9309;9383
9310;9384
9311;9385
9312;9386
9313;9386
9314;9386
9315;9386
9316;9386
9317;9387
9318;9388
9319;9389
9320;9389
9321;9389
9322;9390
9323;9390
9324;9390
9325;9391
9326;9392
9327;9392
9328;9392
9329;9392
9330;9392
9331;9392
9332;9392
9333;9392
9334;9393
9335;9393
9336;9393
9337;9394
9338;9395
9339;9395
9340;9395
9341;9395
9342;9395
9343;9396
9344;9396
9345;9396
9346;9397
9347;9397
9348;9397
9349;9397
9350;9397
9351;9398
9352;9398
9353;9398
9354;9398
9355;9398
9356;9399
9357;9399
9358;9399
9359;9400
9360;9401
9361;9401
9362;9402
9363;9402
9364;9402
9365;9403
9366;9404
9367;9404
9368;9404
9369;9405
9370;9406
9379;9407
9380;9408
9381;9409
9382;9410
9383;9411
9384;9411
9385;9411
9386;9411
9387;9411
9388;9411
9389;9412
9390;9412
9391;9412
9392;9413
9393;9414
9394;9415
9395;9416
9396;9416
9397;9416
9398;9416
9399;9416
9400;9417
9401;9418
9402;9419
9403;9420
9404;9421
9405;9422
9406;9423
9411;9424
9412;9425
9413;9426
9414;9426
9415;9426
9416;9427
9417;9428
9418;9429
9419;9430
9420;9430
9421;9430
9422;9430
9423;9431
9426;9432
9427;9433
9428;9433
9429;9433
9430;9433
9431;9433
