child;parent
151;1503
152;1504
153;1505
154;1506
155;1507
156;1508
157;1509
158;1510
159;1511
160;1512
161;1513
162;1514
163;1515
164;1516
165;1517
166;1518
167;1519
168;1520
169;1521
170;1522
171;1523
172;1524
173;1525
174;1526
175;1527
176;1528
177;1529
178;1530
179;1531
180;1532
181;1533
182;1534
183;1535
184;1536
185;1537
186;1538
187;1539
188;1540
189;1541
190;1542
191;1543
192;1544
193;1545
194;1546
195;1547
196;1548
197;1549
198;1550
199;1551
200;1552
201;1553
202;1554
203;1555
204;1556
205;1557
206;1558
207;1559
208;1560
209;1561
210;1562
211;1563
212;1564
213;1565
214;1566
215;1567
216;1568
217;1569
218;1570
219;1571
220;1572
221;1573
222;1574
223;1575
224;1575
225;1575
226;1575
227;1576
228;1576
229;1576
230;1576
231;1577
232;1578
233;1578
234;1578
235;1578
236;1579
237;1579
238;1579
239;1579
240;1580
241;1581
242;1581
243;1581
244;1581
245;1582
246;1582
247;1582
248;1582
249;1583
250;1583
251;1583
252;1583
253;1584
254;1584
255;1584
256;1584
257;1585
258;1585
259;1585
260;1585
261;1585
262;1585
263;1585
264;1585
265;1585
266;1585
267;1585
268;1585
269;1585
270;1585
271;1585
272;1585
273;1586
274;1586
275;1586
276;1586
277;1587
278;1588
279;1588
280;1588
281;1588
282;1589
283;1589
284;1589
285;1589
286;1590
287;1590
288;1590
289;1590
290;1591
291;1591
292;1591
293;1591
294;1592
295;1592
296;1592
297;1592
298;1593
299;1593
300;1593
301;1593
302;1593
303;1593
304;1593
305;1593
306;1593
307;1593
308;1593
309;1593
310;1593
311;1593
312;1593
313;1593
314;1594
315;1594
316;1594
317;1594
318;1595
319;1595
320;1595
321;1595
322;1596
323;1596
324;1596
325;1596
326;1597
327;1598
328;1598
329;1598
330;1598
331;1599
332;1599
333;1599
334;1599
335;1600
336;1600
337;1600
338;1600
339;1600
340;1600
341;1600
342;1600
343;1600
344;1600
345;1600
346;1600
347;1600
348;1600
349;1600
350;1600
351;1601
352;1601
353;1601
354;1601
355;1602
356;1602
357;1602
358;1602
359;1603
360;1603
361;1603
362;1603
363;1604
364;1604
365;1604
366;1604
367;1604
368;1604
369;1604
370;1604
371;1604
372;1604
373;1604
374;1604
375;1604
376;1604
377;1604
378;1604
379;1605
380;1605
381;1605
382;1605
383;1606
384;1606
385;1606
386;1606
387;1607
388;1608
389;1608
390;1608
391;1608
392;1609
393;1609
394;1609
395;1609
396;1610
397;1610
398;1610
399;1610
400;1611
401;1611
402;1611
403;1611
404;1612
405;1613
406;1613
407;1613
408;1613
409;1614
410;1614
411;1614
412;1615
413;1616
414;1616
415;1616
416;1616
417;1617
418;1617
419;1617
420;1617
421;1618
422;1618
423;1618
424;1618
425;1619
426;1619
427;1619
428;1620
429;1621
430;1621
431;1621
432;1621
433;1622
434;1622
435;1622
436;1622
437;1623
438;1623
439;1623
440;1623
441;1624
442;1624
443;1624
444;1625
445;1626
446;1626
447;1626
448;1626
449;1627
450;1627
451;1627
452;1627
453;1628
454;1629
455;1629
456;1629
457;1629
458;1630
459;1630
460;1630
461;1631
462;1632
463;1632
464;1632
465;1632
466;1633
467;1633
468;1633
469;1633
470;1634
471;1634
472;1634
473;1634
474;1635
475;1636
476;1637
477;1637
478;1637
479;1637
480;1638
481;1638
482;1638
483;1638
484;1639
485;1640
486;1640
487;1640
488;1641
489;1642
490;1642
491;1642
492;1643
493;1644
494;1645
495;1646
496;1647
497;1648
498;1649
499;1650
500;1650
501;1650
502;1651
503;1652
504;1653
505;1654
506;1654
507;1654
508;1654
509;1655
510;1655
511;1655
512;1656
513;1657
514;1657
515;1657
516;1657
517;1658
518;1658
519;1658
520;1658
521;1659
522;1659
523;1659
524;1659
525;1660
526;1660
527;1660
528;1660
529;1661
530;1661
531;1661
532;1661
533;1662
534;1662
535;1662
536;1662
537;1663
538;1663
539;1663
540;1663
541;1664
542;1665
543;1665
544;1665
545;1666
546;1667
547;1668
548;1669
549;1669
550;1669
551;1669
552;1670
553;1670
554;1670
555;1671
556;1672
557;1672
558;1672
559;1672
560;1673
561;1673
562;1673
563;1673
564;1674
565;1675
566;1675
567;1675
568;1676
569;1677
570;1678
571;1679
572;1679
573;1679
574;1679
575;1680
576;1680
577;1680
578;1680
579;1681
580;1681
581;1681
582;1681
583;1682
584;1683
585;1684
586;1685
587;1686
588;1687
589;1687
590;1687
591;1688
592;1689
593;1690
594;1690
595;1690
596;1691
597;1692
598;1693
599;1694
600;1694
601;1694
602;1694
603;1695
604;1695
605;1695
606;1696
607;1697
608;1697
609;1697
610;1697
611;1698
612;1698
613;1698
614;1698
615;1699
616;1700
617;1700
618;1700
619;1701
620;1702
621;1702
622;1702
623;1703
624;1704
625;1705
626;1705
627;1705
628;1706
629;1707
630;1708
631;1709
632;1710
633;1711
634;1711
635;1711
636;1712
637;1713
638;1714
639;1714
640;1714
641;1715
642;1715
643;1715
644;1715
645;1715
646;1715
647;1715
648;1715
649;1715
650;1716
651;1716
652;1716
653;1717
654;1717
655;1717
656;1718
657;1718
658;1718
659;1719
660;1720
661;1721
662;1721
663;1721
664;1722
665;1723
666;1724
667;1725
668;1725
669;1725
670;1726
671;1727
672;1728
673;1729
674;1730
675;1731
676;1731
677;1731
678;1732
679;1733
680;1734
681;1734
682;1734
683;1735
684;1736
685;1737
686;1738
687;1739
688;1740
689;1740
690;1740
691;1741
692;1742
693;1743
694;1744
695;1744
696;1744
697;1744
698;1744
699;1744
700;1744
701;1744
702;1744
703;1745
704;1746
705;1746
706;1746
707;1747
708;1747
709;1747
710;1748
711;1749
712;1749
713;1749
714;1750
715;1750
716;1750
717;1751
718;1752
719;1753
720;1753
721;1753
722;1754
723;1754
724;1754
725;1755
726;1756
727;1757
728;1757
729;1757
730;1758
731;1759
732;1760
733;1761
734;1762
735;1763
736;1764
737;1765
738;1766
739;1767
740;1767
741;1767
742;1768
743;1769
744;1769
745;1769
746;1770
747;1771
748;1771
749;1771
750;1772
751;1773
752;1774
753;1774
754;1774
755;1775
756;1775
757;1775
758;1775
759;1775
760;1775
761;1775
762;1775
763;1775
764;1776
765;1776
766;1776
767;1777
768;1778
769;1778
770;1778
771;1779
772;1779
773;1779
774;1780
775;1781
776;1781
777;1781
778;1782
779;1783
780;1784
781;1784
782;1784
783;1785
784;1785
785;1785
786;1786
787;1787
788;1788
789;1788
790;1788
791;1789
792;1790
793;1791
794;1791
795;1791
796;1792
797;1793
798;1794
799;1794
800;1794
801;1795
802;1795
803;1795
804;1796
805;1796
806;1796
807;1797
808;1797
809;1797
810;1798
811;1798
812;1798
813;1799
814;1800
815;1801
816;1802
817;1803
818;1804
819;1804
820;1804
821;1805
822;1805
823;1805
824;1805
825;1805
826;1805
827;1805
828;1805
829;1805
830;1806
831;1806
832;1806
833;1807
834;1807
835;1807
836;1808
837;1808
838;1808
839;1809
840;1810
841;1811
842;1811
843;1811
844;1812
845;1813
846;1814
847;1815
848;1816
849;1817
850;1817
851;1817
852;1818
853;1819
854;1820
855;1821
856;1821
857;1821
858;1822
859;1823
860;1824
861;1825
862;1825
863;1825
864;1826
865;1827
866;1828
867;1828
868;1828
869;1829
870;1830
871;1831
872;1832
873;1833
874;1834
875;1835
876;1835
877;1835
878;1836
879;1836
880;1836
881;1837
882;1838
883;1839
884;1840
885;1841
886;1841
887;1841
888;1842
889;1843
890;1844
891;1844
892;1844
893;1845
894;1845
895;1845
896;1846
897;1847
898;1847
899;1847
900;1848
901;1848
902;1848
903;1849
904;1850
905;1851
906;1851
907;1851
908;1852
909;1853
910;1854
911;1854
912;1854
913;1855
914;1855
915;1855
916;1856
917;1856
918;1856
919;1857
920;1857
921;1857
922;1858
923;1858
924;1858
925;1859
926;1860
927;1861
928;1862
929;1863
930;1864
931;1865
932;1866
933;1866
934;1866
935;1867
936;1868
937;1869
938;1869
939;1869
940;1870
941;1870
942;1870
943;1871
944;1871
945;1871
946;1872
947;1872
948;1872
949;1873
950;1873
951;1873
952;1874
953;1875
954;1876
955;1877
956;1878
957;1879
958;1879
959;1879
960;1880
961;1880
962;1880
963;1881
964;1882
965;1882
966;1882
967;1883
968;1883
969;1883
970;1884
971;1885
972;1886
973;1886
974;1886
975;1887
976;1888
977;1889
978;1890
979;1890
980;1890
981;1891
982;1892
983;1893
984;1894
985;1894
986;1894
987;1895
988;1896
989;1896
990;1896
991;1897
992;1897
993;1897
994;1898
995;1899
996;1900
997;1900
998;1900
999;1901
1000;1902
1001;1903
1002;1903
1003;1903
1004;1904
1005;1904
1006;1904
1007;1905
1008;1906
1009;1906
1010;1906
1011;1907
1012;1907
1013;1907
1014;1908
1015;1909
1016;1910
1017;1910
1018;1910
1019;1911
1020;1912
1021;1913
1022;1913
1023;1913
1024;1914
1025;1915
1026;1916
1027;1917
1028;1918
1029;1919
1030;1920
1031;1921
1032;1921
1033;1921
1034;1922
1035;1923
1036;1924
1037;1924
1038;1924
1039;1925
1040;1925
1041;1925
1042;1926
1043;1926
1044;1926
1045;1927
1046;1927
1047;1927
1048;1928
1049;1928
1050;1928
1051;1929
1052;1930
1053;1931
1054;1932
1055;1933
1056;1934
1057;1935
1058;1935
1059;1935
1060;1936
1061;1937
1062;1938
1063;1939
1064;1940
1065;1941
1066;1941
1067;1941
1068;1942
1069;1943
1070;1944
1071;1945
1072;1946
1073;1946
1074;1946
1075;1947
1076;1948
1077;1948
1078;1948
1079;1949
1080;1950
1081;1950
1082;1950
1083;1951
1084;1952
1085;1952
1086;1952
1087;1953
1088;1954
1089;1955
1090;1956
1091;1956
1092;1956
1093;1957
1094;1958
1095;1958
1096;1958
1097;1959
1098;1960
1099;1961
1100;1962
1101;1962
1102;1962
1103;1963
1104;1964
1105;1965
1106;1966
1107;1967
1108;1968
1109;1968
1110;1968
1111;1969
1112;1969
1113;1969
1114;1970
1115;1971
1116;1972
1117;1972
1118;1972
1119;1973
1120;1973
1121;1973
1122;1974
1123;1975
1124;1976
1125;1977
1126;1978
1127;1979
1128;1980
1129;1981
1130;1982
1131;1983
1132;1984
1133;1985
1134;1986
1135;1987
1136;1988
1137;1989
1138;1990
1139;1991
1140;1992
1141;1993
1142;1994
1143;1995
1144;1996
1145;1997
1146;1998
1147;1999
1148;2000
1149;2001
1150;2002
1151;2003
1152;2004
1153;2005
1154;2006
1155;2007
1156;2008
1157;2009
1158;2010
1159;2011
1160;2012
1161;2013
1162;2014
1163;2015
1164;2016
1165;2017
1166;2018
1167;2019
1168;2020
1169;2021
1170;2021
1171;2021
1172;2022
1173;2023
1174;2024
1175;2025
1176;2025
1177;2025
1178;2026
1179;2027
1180;2028
1181;2029
1182;2029
1183;2029
1184;2030
1185;2031
1186;2032
1187;2032
1188;2032
1189;2033
1190;2034
1191;2035
1192;2036
1193;2037
1194;2038
1195;2039
1196;2040
1197;2041
1198;2042
1199;2043
1200;2044
1201;2045
1202;2046
1203;2047
1204;2048
1205;2049
1206;2050
1207;2051
1208;2051
1209;2051
1210;2052
1211;2053
1212;2054
1213;2055
1214;2055
1215;2055
1216;2056
1217;2057
1218;2058
1219;2059
1220;2059
1221;2059
1222;2060
1223;2061
1224;2062
1225;2062
1226;2062
1227;2063
1228;2064
1229;2065
1230;2066
1231;2067
1232;2068
1233;2069
1234;2070
1235;2071
1236;2072
1237;2073
1238;2074
1239;2075
1240;2076
1241;2077
1242;2078
1243;2079
1244;2080
1245;2081
1246;2081
1247;2081
1248;2082
1249;2083
1250;2084
1251;2085
1252;2086
1253;2087
1254;2087
1255;2088
1256;2089
1257;2090
1258;2091
1259;2092
1260;2093
1261;2094
1262;2095
1263;2096
1264;2097
1265;2098
1266;2099
1267;2100
1268;2100
1269;2100
1270;2101
1271;2102
1272;2103
1273;2103
1274;2103
1275;2104
1276;2104
1277;2104
1278;2105
1279;2106
1280;2107
1281;2108
1282;2109
1283;2110
1284;2110
1285;2111
1286;2111
1287;2112
1288;2112
1289;2113
1290;2113
1291;2114
1292;2114
1293;2115
1294;2116
1295;2117
1296;2118
1297;2119
1298;2120
1299;2121
1300;2122
1301;2123
1302;2124
1303;2125
1304;2126
1305;2127
1306;2128
1307;2129
1308;2129
1309;2130
1310;2131
1311;2132
1312;2133
1313;2133
1314;2134
1315;2135
1316;2136
1317;2137
1318;2138
1319;2139
1320;2139
1321;2140
1322;2141
1323;2141
1324;2142
1325;2143
1326;2144
1327;2145
1328;2146
1329;2147
1330;2147
1331;2148
1332;2149
1333;2150
1334;2151
1335;2152
1336;2153
1337;2154
1338;2155
1339;2156
1340;2157
1341;2158
1342;2159
1343;2160
1344;2161
1345;2162
1346;2163
1347;2164
1348;2165
1349;2166
1350;2167
1351;2168
1352;2168
1353;2168
1354;2168
1355;2168
1356;2168
1357;2169
1358;2169
1359;2169
1360;2170
1361;2170
1362;2170
1363;2171
1364;2172
1365;2173
1366;2174
1367;2175
1368;2175
1369;2176
1370;2177
1371;2178
1372;2179
1373;2180
1374;2180
1375;2181
1376;2182
1377;2183
1378;2183
1379;2184
1380;2184
1381;2185
1382;2185
1383;2186
1384;2186
1385;2187
1386;2187
1387;2188
1388;2189
1389;2190
1390;2191
1391;2192
1392;2193
1393;2194
1394;2195
1395;2196
1396;2196
1397;2196
1398;2197
1399;2198
1400;2198
1401;2199
1402;2200
1403;2201
1404;2202
1405;2203
1406;2204
1407;2205
1408;2206
1409;2207
1410;2207
1411;2207
1412;2208
1413;2209
1414;2209
1415;2210
1416;2210
1417;2211
1418;2211
1419;2212
1420;2213
1421;2213
1422;2213
1423;2213
1424;2213
1425;2213
1426;2214
1427;2214
1428;2215
1429;2216
1430;2217
1431;2217
1432;2218
1433;2219
1434;2219
1435;2219
1436;2220
1437;2221
1438;2222
1439;2222
1440;2223
1441;2224
1442;2224
1443;2224
1444;2225
1445;2226
1446;2226
1447;2227
1448;2228
1449;2228
1450;2228
1451;2229
1452;2230
1453;2231
1454;2232
1455;2232
1456;2233
1457;2234
1458;2234
1459;2234
1460;2235
1461;2236
1462;2237
1463;2238
1464;2239
1465;2240
1466;2241
1467;2242
1468;2243
1469;2243
1470;2244
1471;2245
1472;2245
1473;2245
1474;2246
1475;2246
1476;2246
1477;2247
1478;2247
1479;2247
1480;2248
1481;2249
1482;2250
1483;2250
1484;2250
1485;2251
1486;2252
1487;2253
1488;2254
1489;2255
1490;2255
1491;2255
1492;2256
1493;2256
1494;2256
1495;2257
1496;2258
1497;2258
1498;2258
1499;2259
1500;2260
1501;2261
1502;2262
1574;2263
1575;2264
1576;2265
1577;2266
1578;2267
1579;2268
1580;2269
1581;2270
1582;2271
1583;2272
1584;2273
1585;2274
1586;2275
1587;2276
1588;2277
1589;2278
1590;2279
1591;2280
1592;2281
1593;2282
1594;2283
1595;2284
1596;2285
1597;2286
1598;2287
1599;2288
1600;2289
1601;2290
1602;2291
1603;2292
1604;2293
1605;2294
1606;2295
1607;2296
1608;2297
1609;2298
1610;2299
1611;2300
1612;2301
1613;2302
1614;2302
1615;2302
1616;2302
1617;2302
1618;2303
1619;2303
1620;2303
1621;2303
1622;2303
1623;2304
1624;2304
1625;2304
1626;2304
1627;2304
1628;2305
1629;2306
1630;2306
1631;2306
1632;2306
1633;2306
1634;2307
1635;2307
1636;2307
1637;2307
1638;2307
1639;2308
1640;2308
1641;2308
1642;2308
1643;2308
1644;2309
1645;2309
1646;2309
1647;2309
1648;2309
1649;2310
1650;2310
1651;2310
1652;2310
1653;2310
1654;2311
1655;2311
1656;2311
1657;2311
1658;2311
1659;2312
1660;2312
1661;2312
1662;2312
1663;2312
1664;2313
1665;2313
1666;2313
1667;2313
1668;2313
1669;2314
1670;2314
1671;2314
1672;2314
1673;2314
1674;2315
1675;2315
1676;2315
1677;2315
1678;2315
1679;2316
1680;2316
1681;2316
1682;2316
1683;2316
1684;2317
1685;2317
1686;2317
1687;2317
1688;2317
1689;2318
1690;2318
1691;2318
1692;2318
1693;2318
1694;2319
1695;2319
1696;2319
1697;2319
1698;2319
1699;2320
1700;2320
1701;2320
1702;2320
1703;2320
1704;2321
1705;2321
1706;2321
1707;2321
1708;2321
1709;2322
1710;2322
1711;2322
1712;2322
1713;2322
1714;2323
1715;2323
1716;2323
1717;2323
1718;2323
1719;2324
1720;2324
1721;2324
1722;2324
1723;2324
1724;2325
1725;2325
1726;2325
1727;2325
1728;2325
1729;2326
1730;2326
1731;2326
1732;2326
1733;2326
1734;2327
1735;2328
1736;2329
1737;2330
1738;2331
1739;2332
1740;2333
1741;2334
1742;2335
1743;2336
1744;2337
1745;2338
1746;2339
1747;2340
1748;2341
1749;2342
1750;2343
1751;2344
1752;2345
1753;2346
1754;2347
1755;2348
1756;2349
1757;2350
1758;2351
1759;2352
1760;2353
1761;2354
1762;2355
1763;2356
1764;2357
1765;2358
1766;2359
1767;2360
1768;2361
1769;2362
1770;2363
1771;2364
1772;2365
1773;2366
1774;2367
1775;2368
1776;2369
1777;2370
1778;2371
1779;2372
1780;2373
1781;2374
1782;2375
1783;2376
1784;2377
1785;2378
1786;2379
1787;2380
1788;2381
1789;2382
1790;2382
1791;2382
1792;2382
1793;2382
1794;2383
1795;2383
1796;2383
1797;2383
1798;2383
1799;2384
1800;2384
1801;2384
1802;2384
1803;2384
1804;2385
1805;2385
1806;2385
1807;2385
1808;2385
1809;2386
1810;2386
1811;2386
1812;2386
1813;2386
1814;2387
1815;2388
1816;2389
1817;2390
1818;2391
1819;2392
1820;2393
1821;2394
1822;2395
1823;2396
1824;2397
1825;2398
1826;2399
1827;2400
1828;2401
1829;2402
1830;2403
1831;2404
1832;2405
1833;2406
1834;2407
1835;2408
1836;2409
1837;2410
1838;2411
1839;2412
1840;2412
1841;2412
1842;2412
1843;2412
1844;2413
1845;2413
1846;2413
1847;2413
1848;2413
1849;2414
1850;2414
1851;2414
1852;2414
1853;2414
1854;2415
1855;2415
1856;2415
1857;2415
1858;2415
1859;2416
1860;2416
1861;2416
1862;2416
1863;2416
1864;2417
1865;2417
1866;2417
1867;2417
1868;2417
1869;2418
1870;2418
1871;2418
1872;2418
1873;2418
1874;2419
1875;2419
1876;2419
1877;2419
1878;2419
1879;2420
1880;2420
1881;2420
1882;2420
1883;2420
1884;2421
1885;2421
1886;2421
1887;2421
1888;2421
1889;2422
1890;2423
1891;2424
1892;2425
1893;2426
1894;2427
1895;2428
1896;2429
1897;2430
1898;2431
1899;2432
1900;2433
1901;2434
1902;2435
1903;2436
1904;2437
1905;2438
1906;2439
1907;2440
1908;2441
1909;2442
1910;2443
1911;2444
1912;2445
1913;2446
1914;2447
1915;2447
1916;2447
1917;2447
1918;2447
1919;2448
1920;2448
1921;2448
1922;2448
1923;2448
1924;2449
1925;2449
1926;2449
1927;2449
1928;2449
1929;2450
1930;2450
1931;2450
1932;2450
1933;2450
1934;2451
1935;2451
1936;2451
1937;2451
1938;2451
1939;2452
1940;2452
1941;2452
1942;2452
1943;2452
1944;2453
1945;2454
1946;2455
1947;2456
1948;2457
1949;2458
1950;2459
1951;2460
1952;2461
1953;2462
1954;2463
1955;2464
1956;2465
1957;2466
1958;2467
1959;2468
1960;2469
1961;2470
1962;2471
1963;2472
1964;2473
1965;2474
1966;2475
1967;2476
1968;2477
1969;2478
1970;2478
1971;2478
1972;2478
1973;2478
1974;2479
1975;2479
1976;2479
1977;2479
1978;2479
1979;2480
1980;2480
1981;2480
1982;2480
1983;2480
1984;2481
1985;2481
1986;2481
1987;2481
1988;2481
1989;2482
1990;2482
1991;2482
1992;2482
1993;2482
1994;2483
1995;2484
1996;2485
1997;2486
1998;2487
1999;2488
2000;2489
2001;2490
2002;2491
2003;2492
2004;2493
2005;2494
2006;2495
2007;2496
2008;2497
2009;2498
2010;2499
2011;2500
2012;2501
2013;2502
2014;2503
2015;2504
2016;2505
2017;2506
2018;2507
2019;2508
2020;2509
2021;2510
2022;2511
2023;2512
2024;2513
2025;2514
2026;2515
2027;2516
2028;2517
2029;2518
2030;2519
2031;2520
2032;2521
2033;2522
2034;2523
2035;2524
2036;2525
2037;2526
2038;2527
2039;2528
2040;2529
2041;2530
2042;2531
2043;2532
2044;2533
2045;2534
2046;2535
2047;2536
2048;2537
2049;2538
2050;2539
2051;2540
2052;2541
2053;2542
2054;2543
2055;2544
2056;2545
2057;2546
2058;2547
2059;2548
2060;2549
2061;2550
2062;2551
2063;2552
2064;2553
2065;2554
2066;2555
2067;2556
2068;2557
2069;2558
2070;2559
2071;2560
2072;2561
2073;2562
2074;2563
2075;2564
2076;2565
2077;2566
2078;2567
2079;2568
2080;2569
2081;2570
2082;2571
2083;2572
2084;2573
2085;2574
2086;2575
2087;2576
2088;2577
2089;2578
2090;2579
2091;2580
2092;2581
2093;2582
2094;2583
2095;2584
2096;2585
2097;2586
2098;2587
2099;2588
2100;2589
2101;2589
2102;2589
2103;2589
2104;2589
2105;2590
2106;2590
2107;2590
2108;2590
2109;2590
2110;2591
2111;2592
2112;2593
2113;2594
2114;2595
2115;2596
2116;2597
2117;2598
2118;2599
2119;2600
2120;2601
2121;2602
2122;2603
2123;2604
2124;2605
2125;2606
2126;2607
2127;2608
2128;2609
2129;2610
2130;2611
2131;2612
2132;2613
2133;2614
2134;2615
2135;2616
2136;2617
2137;2618
2138;2619
2139;2620
2140;2621
2141;2622
2142;2623
2143;2624
2144;2625
2145;2626
2146;2627
2147;2628
2148;2629
2149;2630
2150;2631
2151;2632
2152;2633
2153;2634
2154;2635
2155;2636
2156;2637
2157;2638
2158;2639
2159;2640
2160;2641
2161;2642
2162;2643
2163;2644
2164;2645
2165;2646
2166;2647
2167;2648
2168;2649
2169;2650
2170;2651
2171;2652
2172;2653
2173;2654
2174;2655
2175;2656
2176;2657
2177;2658
2178;2659
2179;2660
2180;2661
2181;2662
2182;2663
2183;2664
2184;2664
2185;2664
2186;2664
2187;2664
2188;2665
2189;2665
2190;2665
2191;2665
2192;2665
2193;2666
2194;2667
2195;2668
2196;2669
2197;2670
2198;2671
2199;2672
2200;2672
2201;2672
2202;2672
2203;2672
2204;2673
2205;2674
2206;2675
2207;2676
2208;2677
2209;2678
2210;2679
2211;2680
2212;2681
2213;2682
2214;2683
2215;2684
2216;2685
2217;2686
2218;2687
2219;2688
2220;2689
2221;2690
2222;2691
2223;2692
2224;2693
2225;2694
2226;2695
2227;2696
2228;2697
2229;2698
2230;2699
2231;2700
2232;2701
2233;2702
2234;2703
2235;2704
2236;2705
2237;2706
2238;2707
2239;2708
2240;2709
2241;2710
2242;2711
2243;2712
2244;2713
2245;2714
2246;2715
2247;2716
2248;2717
2249;2718
2250;2719
2251;2720
2252;2721
2253;2722
2254;2723
2255;2724
2256;2724
2257;2724
2258;2725
2259;2726
2260;2727
2261;2728
2262;2729
2302;2730
2303;2731
2304;2732
2305;2733
2306;2734
2307;2735
2308;2736
2309;2737
2310;2738
2311;2739
2312;2740
2313;2741
2314;2742
2315;2743
2316;2744
2317;2745
2318;2746
2319;2747
2320;2748
2321;2749
2322;2750
2323;2750
2324;2750
2325;2750
2326;2750
2327;2751
2328;2751
2329;2751
2330;2751
2331;2751
2332;2752
2333;2752
2334;2752
2335;2752
2336;2752
2337;2752
2338;2752
2339;2752
2340;2752
2341;2752
2342;2752
2343;2752
2344;2752
2345;2752
2346;2752
2347;2752
2348;2752
2349;2752
2350;2752
2351;2752
2352;2752
2353;2752
2354;2752
2355;2752
2356;2752
2357;2753
2358;2753
2359;2753
2360;2753
2361;2753
2362;2753
2363;2753
2364;2753
2365;2753
2366;2753
2367;2753
2368;2753
2369;2753
2370;2753
2371;2753
2372;2753
2373;2753
2374;2753
2375;2753
2376;2753
2377;2753
2378;2753
2379;2753
2380;2753
2381;2753
2382;2754
2383;2754
2384;2754
2385;2754
2386;2754
2387;2755
2388;2755
2389;2755
2390;2755
2391;2755
2392;2755
2393;2755
2394;2755
2395;2755
2396;2755
2397;2755
2398;2755
2399;2755
2400;2755
2401;2755
2402;2755
2403;2755
2404;2755
2405;2755
2406;2755
2407;2755
2408;2755
2409;2755
2410;2755
2411;2755
2412;2756
2413;2756
2414;2756
2415;2756
2416;2756
2417;2757
2418;2757
2419;2757
2420;2757
2421;2757
2422;2758
2423;2758
2424;2758
2425;2758
2426;2758
2427;2758
2428;2758
2429;2758
2430;2758
2431;2758
2432;2758
2433;2758
2434;2758
2435;2758
2436;2758
2437;2758
2438;2758
2439;2758
2440;2758
2441;2758
2442;2758
2443;2758
2444;2758
2445;2758
2446;2758
2447;2759
2448;2760
2449;2760
2450;2760
2451;2760
2452;2760
2453;2761
2454;2761
2455;2761
2456;2761
2457;2761
2458;2762
2459;2762
2460;2762
2461;2762
2462;2762
2463;2763
2464;2763
2465;2763
2466;2763
2467;2763
2468;2764
2469;2764
2470;2764
2471;2764
2472;2764
2473;2765
2474;2765
2475;2765
2476;2765
2477;2765
2478;2766
2479;2767
2480;2768
2481;2769
2482;2770
2483;2771
2484;2772
2485;2773
2486;2774
2487;2775
2488;2776
2489;2777
2490;2778
2491;2779
2492;2780
2493;2781
2494;2782
2495;2783
2496;2784
2497;2785
2498;2786
2499;2787
2500;2788
2501;2789
2502;2790
2503;2791
2504;2792
2505;2793
2506;2794
2507;2795
2508;2796
2509;2797
2510;2798
2511;2799
2512;2800
2513;2801
2514;2802
2515;2803
2516;2804
2517;2805
2518;2806
2519;2807
2520;2808
2521;2809
2522;2810
2523;2811
2524;2812
2525;2813
2526;2814
2527;2815
2528;2816
2529;2817
2530;2818
2531;2819
2532;2820
2533;2821
2534;2822
2535;2823
2536;2824
2537;2825
2538;2826
2539;2827
2540;2828
2541;2829
2542;2830
2543;2831
2544;2832
2545;2833
2546;2834
2547;2835
2548;2836
2549;2837
2550;2838
2551;2839
2552;2840
2553;2841
2554;2842
2555;2843
2556;2844
2557;2845
2558;2846
2559;2847
2560;2848
2561;2849
2562;2850
2563;2851
2564;2852
2565;2853
2566;2854
2567;2855
2568;2856
2569;2857
2570;2858
2571;2859
2572;2860
2573;2861
2574;2861
2575;2861
2576;2861
2577;2861
2578;2862
2579;2863
2580;2864
2581;2865
2582;2866
2583;2867
2584;2868
2585;2868
2586;2868
2587;2868
2588;2868
2589;2869
2590;2870
2591;2871
2592;2871
2593;2871
2594;2871
2595;2871
2596;2872
2597;2872
2598;2872
2599;2872
2600;2872
2601;2873
2602;2873
2603;2873
2604;2873
2605;2873
2606;2874
2607;2874
2608;2874
2609;2874
2610;2874
2611;2875
2612;2875
2613;2875
2614;2875
2615;2875
2616;2876
2617;2876
2618;2876
2619;2876
2620;2876
2621;2877
2622;2877
2623;2877
2624;2877
2625;2877
2626;2878
2627;2878
2628;2878
2629;2878
2630;2878
2631;2879
2632;2880
2633;2881
2634;2882
2635;2883
2636;2884
2637;2885
2638;2886
2639;2887
2640;2888
2641;2889
2642;2890
2643;2891
2644;2892
2645;2893
2646;2894
2647;2895
2648;2896
2649;2897
2650;2897
2651;2897
2652;2897
2653;2897
2654;2898
2655;2898
2656;2898
2657;2898
2658;2898
2659;2899
2660;2899
2661;2899
2662;2899
2663;2899
2664;2900
2665;2901
2666;2902
2667;2903
2668;2904
2669;2905
2670;2906
2671;2907
2672;2908
2673;2909
2674;2910
2675;2911
2676;2912
2677;2913
2678;2914
2679;2915
2680;2915
2681;2915
2682;2915
2683;2915
2684;2916
2685;2916
2686;2916
2687;2916
2688;2916
2689;2917
2690;2917
2691;2917
2692;2917
2693;2917
2694;2918
2695;2918
2696;2918
2697;2918
2698;2918
2699;2919
2700;2919
2701;2919
2702;2919
2703;2919
2704;2920
2705;2921
2706;2922
2707;2923
2708;2924
2709;2925
2710;2926
2711;2926
2712;2926
2713;2926
2714;2926
2715;2927
2716;2927
2717;2927
2718;2928
2719;2928
2720;2928
2721;2929
2722;2929
2723;2929
2724;2930
2725;2931
2726;2931
2727;2931
2728;2932
2729;2933
2749;2934
2750;2935
2751;2936
2752;2937
2753;2938
2754;2939
2755;2940
2756;2941
2757;2942
2758;2943
2759;2944
2760;2945
2761;2946
2762;2946
2763;2946
2764;2946
2765;2946
2766;2947
2767;2947
2768;2947
2769;2947
2770;2947
2771;2948
2772;2948
2773;2948
2774;2948
2775;2948
2776;2948
2777;2948
2778;2948
2779;2948
2780;2948
2781;2948
2782;2948
2783;2948
2784;2948
2785;2948
2786;2948
2787;2948
2788;2948
2789;2948
2790;2948
2791;2948
2792;2948
2793;2948
2794;2948
2795;2948
2796;2949
2797;2949
2798;2949
2799;2949
2800;2949
2801;2950
2802;2950
2803;2950
2804;2950
2805;2950
2806;2950
2807;2950
2808;2950
2809;2950
2810;2950
2811;2950
2812;2950
2813;2950
2814;2950
2815;2950
2816;2950
2817;2950
2818;2950
2819;2950
2820;2950
2821;2950
2822;2950
2823;2950
2824;2950
2825;2950
2826;2951
2827;2951
2828;2951
2829;2951
2830;2951
2831;2952
2832;2952
2833;2952
2834;2952
2835;2952
2836;2952
2837;2952
2838;2952
2839;2952
2840;2952
2841;2952
2842;2952
2843;2952
2844;2952
2845;2952
2846;2952
2847;2952
2848;2952
2849;2952
2850;2952
2851;2952
2852;2952
2853;2952
2854;2952
2855;2952
2856;2953
2857;2953
2858;2953
2859;2953
2860;2953
2861;2954
2862;2955
2863;2956
2864;2956
2865;2956
2866;2956
2867;2956
2868;2957
2869;2957
2870;2957
2871;2957
2872;2957
2873;2958
2874;2959
2875;2959
2876;2959
2877;2959
2878;2959
2879;2960
2880;2960
2881;2960
2882;2960
2883;2960
2884;2961
2885;2962
2886;2962
2887;2962
2888;2962
2889;2962
2890;2963
2891;2964
2892;2964
2893;2964
2894;2964
2895;2964
2896;2965
2897;2966
2898;2966
2899;2966
2900;2966
2901;2966
2902;2967
2903;2968
2904;2968
2905;2968
2906;2968
2907;2968
2908;2969
2909;2970
2910;2971
2911;2971
2912;2971
2913;2971
2914;2971
2915;2972
2916;2972
2917;2972
2918;2972
2919;2972
2920;2973
2921;2973
2922;2973
2923;2973
2924;2973
2925;2974
2926;2975
2927;2976
2928;2976
2929;2976
2930;2977
2931;2977
2932;2977
2933;2978
2944;2979
2945;2980
2946;2981
2947;2982
2948;2983
2949;2984
2950;2984
2951;2984
2952;2984
2953;2984
2954;2985
2955;2985
2956;2986
2957;2986
2958;2986
2959;2986
2960;2986
2961;2987
2962;2988
2963;2989
2964;2990
2965;2991
2966;2992
2967;2993
2968;2994
2969;2995
2970;2996
2971;2997
2972;2998
2973;2999
2974;3000
2975;3001
2976;3002
2977;3003
2978;3004
2984;3005
2985;3006
2986;3007
2987;3008
2988;3008
2989;3008
2990;3008
2991;3008
2992;3008
2993;3008
2994;3008
2995;3008
2996;3008
2997;3008
2998;3008
2999;3008
3000;3008
3001;3008
3002;3009
3003;3009
3004;3009
3008;3010
3009;3011
