id;size;rank;Rdiag
0;48;48;
1;48;48;
2;96;96;
3;48;48;
4;48;48;
5;96;96;
6;96;96;
7;48;48;
8;96;96;
9;48;48;
10;24;24;
11;96;96;
12;12;12;
13;48;48;
14;48;48;
15;48;48;
16;96;96;
17;48;48;
18;96;96;
19;48;48;
20;96;96;
21;48;48;
22;48;48;
23;96;96;
24;48;48;
25;48;48;
26;96;96;
27;96;96;
28;48;48;
29;96;96;
30;48;48;
31;12;12;
32;48;48;
33;24;24;
34;96;96;
35;48;48;
36;96;96;
37;48;48;
38;96;96;
39;48;48;
40;48;48;
41;96;96;
42;96;96;
43;48;48;
44;48;48;
45;96;96;
46;96;96;
47;48;48;
48;96;96;
49;48;48;
50;48;48;
51;96;96;
52;48;48;
53;96;96;
54;96;96;
55;48;48;
56;48;48;
57;96;96;
58;96;96;
59;48;48;
60;96;96;
61;48;48;
62;96;96;
63;48;48;
64;96;96;
65;48;48;
66;48;48;
67;96;96;
68;96;96;
69;48;48;
70;48;48;
71;96;96;
72;96;96;
73;48;48;
74;48;48;
75;96;96;
76;48;48;
77;96;96;
78;48;48;
79;96;96;
80;96;96;
81;48;48;
82;48;48;
83;96;96;
84;96;96;
85;48;48;
86;96;96;
87;48;48;
88;96;96;
89;48;48;
90;12;12;
91;48;48;
92;24;24;
93;96;96;
94;48;48;
95;48;48;
96;96;96;
97;48;48;
98;48;48;
99;96;96;
100;12;12;
101;48;48;
102;24;24;
103;96;96;
104;48;48;
105;96;96;
106;96;96;
107;48;48;
108;48;48;
109;96;96;
110;48;48;
111;96;96;
112;96;96;
113;48;48;
114;48;48;
115;96;96;
116;48;48;
117;96;96;
118;48;48;
119;96;96;
120;48;48;
121;96;96;
122;48;48;
123;96;96;
124;48;48;
125;96;96;
126;96;96;
127;48;48;
128;12;12;
129;48;48;
130;24;24;
131;96;96;
132;48;48;
133;48;48;
134;96;96;
135;12;12;
136;48;48;
137;24;24;
138;96;96;
139;12;12;
140;48;48;
141;24;24;
142;96;96;
143;48;48;
144;96;96;
145;48;48;
146;96;96;
147;96;96;
148;48;48;
149;48;48;
150;96;96;
151;48;48;
152;48;48;
153;48;48;
154;48;48;
155;12;12;
156;48;48;
157;48;48;
158;48;48;
159;48;48;
160;48;48;
161;48;48;
162;48;48;
163;48;48;
164;12;12;
165;48;48;
166;48;48;
167;48;48;
168;48;48;
169;48;48;
170;48;48;
171;48;48;
172;48;48;
173;48;48;
174;48;48;
175;48;48;
176;48;48;
177;48;48;
178;48;48;
179;48;48;
180;48;48;
181;48;48;
182;48;48;
183;48;48;
184;48;48;
185;48;48;
186;48;48;
187;48;48;
188;48;48;
189;48;48;
190;48;48;
191;48;48;
192;48;48;
193;12;12;
194;48;48;
195;48;48;
196;48;48;
197;12;12;
198;48;48;
199;48;48;
200;48;48;
201;48;48;
202;48;48;
203;48;48;
204;48;48;
205;48;48;
206;48;48;
207;48;48;
208;48;48;
209;48;48;
210;48;48;
211;12;12;
212;48;48;
213;48;48;
214;12;12;
215;48;48;
216;12;12;
217;48;48;
218;48;48;
219;48;48;
220;48;48;
221;48;48;
222;12;12;
223;12;12;
224;12;12;
225;12;12;
226;12;12;
227;12;12;
228;12;12;
229;12;12;
230;12;12;
231;12;12;
232;12;12;
233;12;12;
234;12;12;
235;12;12;
236;12;12;
237;12;12;
238;12;12;
239;12;12;
240;12;12;
241;12;12;
242;12;12;
243;12;12;
244;12;12;
245;12;12;
246;12;12;
247;12;12;
248;12;12;
249;12;12;
250;12;12;
251;12;12;
252;12;12;
253;12;12;
254;12;12;
255;12;12;
256;12;12;
257;3;3;
258;3;3;
259;3;3;
260;3;3;
261;3;3;
262;3;3;
263;3;3;
264;3;3;
265;3;3;
266;3;3;
267;3;3;
268;3;3;
269;3;3;
270;3;3;
271;3;3;
272;3;3;
273;12;12;
274;12;12;
275;12;12;
276;12;12;
277;48;48;
278;12;12;
279;12;12;
280;12;12;
281;12;12;
282;12;12;
283;12;12;
284;12;12;
285;12;12;
286;12;12;
287;12;12;
288;12;12;
289;12;12;
290;12;12;
291;12;12;
292;12;12;
293;12;12;
294;12;12;
295;12;12;
296;12;12;
297;12;12;
298;3;3;
299;3;3;
300;3;3;
301;3;3;
302;3;3;
303;3;3;
304;3;3;
305;3;3;
306;3;3;
307;3;3;
308;3;3;
309;3;3;
310;3;3;
311;3;3;
312;3;3;
313;3;3;
314;12;12;
315;12;12;
316;12;12;
317;12;12;
318;12;12;
319;12;12;
320;12;12;
321;12;12;
322;12;12;
323;12;12;
324;12;12;
325;12;12;
326;12;12;
327;12;12;
328;12;12;
329;12;12;
330;12;12;
331;3;3;
332;3;3;
333;3;3;
334;3;3;
335;3;3;
336;3;3;
337;3;3;
338;3;3;
339;3;3;
340;3;3;
341;3;3;
342;3;3;
343;3;3;
344;3;3;
345;3;3;
346;3;3;
347;3;3;
348;3;3;
349;3;3;
350;3;3;
351;12;12;
352;12;12;
353;12;12;
354;12;12;
355;12;12;
356;12;12;
357;12;12;
358;12;12;
359;12;12;
360;12;12;
361;12;12;
362;12;12;
363;3;3;
364;3;3;
365;3;3;
366;3;3;
367;3;3;
368;3;3;
369;3;3;
370;3;3;
371;3;3;
372;3;3;
373;3;3;
374;3;3;
375;3;3;
376;3;3;
377;3;3;
378;3;3;
379;12;12;
380;12;12;
381;12;12;
382;12;12;
383;12;12;
384;12;12;
385;12;12;
386;12;12;
387;12;12;
388;12;12;
389;12;12;
390;12;12;
391;12;12;
392;3;3;
393;3;3;
394;3;3;
395;3;3;
396;12;12;
397;12;12;
398;12;12;
399;12;12;
400;12;12;
401;12;12;
402;12;12;
403;12;12;
404;48;48;
405;3;3;
406;3;3;
407;3;3;
408;3;3;
409;12;12;
410;12;12;
411;12;12;
412;12;12;
413;9;9;
414;9;9;
415;9;9;
416;9;9;
417;3;3;
418;3;3;
419;3;3;
420;3;3;
421;3;3;
422;3;3;
423;3;3;
424;3;3;
425;12;12;
426;12;12;
427;12;12;
428;12;12;
429;9;9;
430;9;9;
431;9;9;
432;9;9;
433;3;3;
434;3;3;
435;3;3;
436;3;3;
437;3;3;
438;3;3;
439;3;3;
440;3;3;
441;12;12;
442;12;12;
443;12;12;
444;12;12;
445;9;9;
446;9;9;
447;9;9;
448;9;9;
449;3;3;
450;3;3;
451;3;3;
452;3;3;
453;12;12;
454;3;3;
455;3;3;
456;3;3;
457;3;3;
458;12;12;
459;12;12;
460;12;12;
461;12;12;
462;9;9;
463;9;9;
464;9;9;
465;9;9;
466;3;3;
467;3;3;
468;3;3;
469;3;3;
470;3;3;
471;3;3;
472;3;3;
473;3;3;
474;36;36;
475;12;12;
476;9;9;
477;9;9;
478;9;9;
479;9;9;
480;3;3;
481;3;3;
482;3;3;
483;3;3;
484;12;12;
485;12;12;
486;12;12;
487;12;12;
488;12;12;
489;12;12;
490;12;12;
491;12;12;
492;12;12;
493;12;12;
494;36;36;
495;12;12;
496;36;36;
497;12;12;
498;12;12;
499;12;12;
500;12;12;
501;12;12;
502;12;12;
503;36;36;
504;12;12;
505;3;3;
506;3;3;
507;3;3;
508;3;3;
509;12;12;
510;12;12;
511;12;12;
512;12;12;
513;9;9;
514;9;9;
515;9;9;
516;9;9;
517;3;3;
518;3;3;
519;3;3;
520;3;3;
521;3;3;
522;3;3;
523;3;3;
524;3;3;
525;9;9;
526;9;9;
527;9;9;
528;9;9;
529;3;3;
530;3;3;
531;3;3;
532;3;3;
533;9;9;
534;9;9;
535;9;9;
536;9;9;
537;3;3;
538;3;3;
539;3;3;
540;3;3;
541;3;3;
542;3;3;
543;3;3;
544;3;3;
545;3;3;
546;9;9;
547;3;3;
548;3;3;
549;3;3;
550;3;3;
551;3;3;
552;12;12;
553;12;12;
554;12;12;
555;12;12;
556;9;9;
557;9;9;
558;9;9;
559;9;9;
560;3;3;
561;3;3;
562;3;3;
563;3;3;
564;12;12;
565;12;12;
566;12;12;
567;12;12;
568;12;12;
569;36;36;
570;12;12;
571;3;3;
572;3;3;
573;3;3;
574;3;3;
575;9;9;
576;9;9;
577;9;9;
578;9;9;
579;3;3;
580;3;3;
581;3;3;
582;3;3;
583;36;36;
584;12;12;
585;12;12;
586;36;36;
587;12;12;
588;12;12;
589;12;12;
590;12;12;
591;12;12;
592;3;3;
593;3;3;
594;3;3;
595;3;3;
596;3;3;
597;9;9;
598;3;3;
599;3;3;
600;3;3;
601;3;3;
602;3;3;
603;12;12;
604;12;12;
605;12;12;
606;12;12;
607;9;9;
608;9;9;
609;9;9;
610;9;9;
611;3;3;
612;3;3;
613;3;3;
614;3;3;
615;12;12;
616;12;12;
617;12;12;
618;12;12;
619;12;12;
620;12;12;
621;12;12;
622;12;12;
623;12;12;
624;3;3;
625;3;3;
626;3;3;
627;3;3;
628;3;3;
629;9;9;
630;3;3;
631;3;3;
632;3;3;
633;3;3;
634;3;3;
635;3;3;
636;3;3;
637;9;9;
638;3;3;
639;3;3;
640;3;3;
641;3;3;
642;3;3;
643;3;3;
644;3;3;
645;3;3;
646;3;3;
647;3;3;
648;3;3;
649;3;3;
650;3;3;
651;3;3;
652;3;3;
653;9;9;
654;9;9;
655;9;9;
656;3;3;
657;3;3;
658;3;3;
659;3;3;
660;3;3;
661;3;3;
662;3;3;
663;3;3;
664;3;3;
665;9;9;
666;9;9;
667;9;9;
668;9;9;
669;9;9;
670;9;9;
671;27;27;
672;9;9;
673;3;3;
674;3;3;
675;3;3;
676;3;3;
677;3;3;
678;3;3;
679;9;9;
680;3;3;
681;3;3;
682;3;3;
683;3;3;
684;3;3;
685;9;9;
686;3;3;
687;3;3;
688;3;3;
689;3;3;
690;3;3;
691;3;3;
692;9;9;
693;3;3;
694;3;3;
695;3;3;
696;3;3;
697;3;3;
698;3;3;
699;3;3;
700;3;3;
701;3;3;
702;3;3;
703;3;3;
704;3;3;
705;3;3;
706;3;3;
707;3;3;
708;3;3;
709;3;3;
710;3;3;
711;3;3;
712;3;3;
713;3;3;
714;9;9;
715;9;9;
716;9;9;
717;9;9;
718;3;3;
719;3;3;
720;3;3;
721;3;3;
722;9;9;
723;9;9;
724;9;9;
725;3;3;
726;9;9;
727;3;3;
728;3;3;
729;3;3;
730;3;3;
731;9;9;
732;27;27;
733;9;9;
734;3;3;
735;9;9;
736;3;3;
737;9;9;
738;3;3;
739;3;3;
740;3;3;
741;3;3;
742;3;3;
743;9;9;
744;9;9;
745;9;9;
746;3;3;
747;3;3;
748;3;3;
749;3;3;
750;9;9;
751;3;3;
752;3;3;
753;3;3;
754;3;3;
755;3;3;
756;3;3;
757;3;3;
758;3;3;
759;3;3;
760;3;3;
761;3;3;
762;3;3;
763;3;3;
764;3;3;
765;3;3;
766;3;3;
767;3;3;
768;3;3;
769;3;3;
770;3;3;
771;9;9;
772;9;9;
773;9;9;
774;3;3;
775;3;3;
776;3;3;
777;3;3;
778;9;9;
779;3;3;
780;3;3;
781;3;3;
782;3;3;
783;9;9;
784;9;9;
785;9;9;
786;9;9;
787;3;3;
788;3;3;
789;3;3;
790;3;3;
791;3;3;
792;3;3;
793;3;3;
794;3;3;
795;3;3;
796;3;3;
797;9;9;
798;3;3;
799;3;3;
800;3;3;
801;9;9;
802;9;9;
803;9;9;
804;3;3;
805;3;3;
806;3;3;
807;9;9;
808;9;9;
809;9;9;
810;3;3;
811;3;3;
812;3;3;
813;3;3;
814;3;3;
815;9;9;
816;3;3;
817;9;9;
818;3;3;
819;3;3;
820;3;3;
821;3;3;
822;3;3;
823;3;3;
824;3;3;
825;3;3;
826;3;3;
827;3;3;
828;3;3;
829;3;3;
830;3;3;
831;3;3;
832;3;3;
833;9;9;
834;9;9;
835;9;9;
836;3;3;
837;3;3;
838;3;3;
839;3;3;
840;3;3;
841;3;3;
842;3;3;
843;3;3;
844;3;3;
845;9;9;
846;3;3;
847;9;9;
848;3;3;
849;3;3;
850;3;3;
851;3;3;
852;3;3;
853;27;27;
854;3;3;
855;3;3;
856;3;3;
857;3;3;
858;9;9;
859;3;3;
860;9;9;
861;9;9;
862;9;9;
863;9;9;
864;9;9;
865;3;3;
866;3;3;
867;3;3;
868;3;3;
869;27;27;
870;3;3;
871;9;9;
872;9;9;
873;3;3;
874;9;9;
875;9;9;
876;9;9;
877;9;9;
878;3;3;
879;3;3;
880;3;3;
881;3;3;
882;9;9;
883;3;3;
884;3;3;
885;3;3;
886;3;3;
887;3;3;
888;3;3;
889;9;9;
890;3;3;
891;3;3;
892;3;3;
893;9;9;
894;9;9;
895;9;9;
896;9;9;
897;9;9;
898;9;9;
899;9;9;
900;3;3;
901;3;3;
902;3;3;
903;3;3;
904;3;3;
905;3;3;
906;3;3;
907;3;3;
908;3;3;
909;9;9;
910;3;3;
911;3;3;
912;3;3;
913;9;9;
914;9;9;
915;9;9;
916;3;3;
917;3;3;
918;3;3;
919;9;9;
920;9;9;
921;9;9;
922;3;3;
923;3;3;
924;3;3;
925;3;3;
926;3;3;
927;9;9;
928;3;3;
929;9;9;
930;3;3;
931;3;3;
932;3;3;
933;3;3;
934;3;3;
935;3;3;
936;9;9;
937;3;3;
938;3;3;
939;3;3;
940;9;9;
941;9;9;
942;9;9;
943;3;3;
944;3;3;
945;3;3;
946;9;9;
947;9;9;
948;9;9;
949;3;3;
950;3;3;
951;3;3;
952;3;3;
953;3;3;
954;9;9;
955;3;3;
956;9;9;
957;3;3;
958;3;3;
959;3;3;
960;9;9;
961;9;9;
962;9;9;
963;9;9;
964;9;9;
965;9;9;
966;9;9;
967;3;3;
968;3;3;
969;3;3;
970;3;3;
971;3;3;
972;3;3;
973;3;3;
974;3;3;
975;3;3;
976;9;9;
977;3;3;
978;3;3;
979;3;3;
980;3;3;
981;3;3;
982;9;9;
983;3;3;
984;9;9;
985;9;9;
986;9;9;
987;3;3;
988;3;3;
989;3;3;
990;3;3;
991;3;3;
992;3;3;
993;3;3;
994;3;3;
995;9;9;
996;9;9;
997;9;9;
998;9;9;
999;9;9;
1000;3;3;
1001;3;3;
1002;3;3;
1003;3;3;
1004;9;9;
1005;9;9;
1006;9;9;
1007;3;3;
1008;3;3;
1009;3;3;
1010;3;3;
1011;3;3;
1012;3;3;
1013;3;3;
1014;3;3;
1015;9;9;
1016;9;9;
1017;9;9;
1018;9;9;
1019;9;9;
1020;3;3;
1021;3;3;
1022;3;3;
1023;3;3;
1024;3;3;
1025;9;9;
1026;3;3;
1027;9;9;
1028;3;3;
1029;3;3;
1030;3;3;
1031;3;3;
1032;3;3;
1033;3;3;
1034;3;3;
1035;9;9;
1036;3;3;
1037;3;3;
1038;3;3;
1039;9;9;
1040;9;9;
1041;9;9;
1042;3;3;
1043;3;3;
1044;3;3;
1045;9;9;
1046;9;9;
1047;9;9;
1048;3;3;
1049;3;3;
1050;3;3;
1051;3;3;
1052;3;3;
1053;9;9;
1054;3;3;
1055;9;9;
1056;9;9;
1057;9;9;
1058;9;9;
1059;9;9;
1060;9;9;
1061;27;27;
1062;9;9;
1063;3;3;
1064;3;3;
1065;3;3;
1066;3;3;
1067;3;3;
1068;3;3;
1069;9;9;
1070;3;3;
1071;3;3;
1072;3;3;
1073;3;3;
1074;3;3;
1075;3;3;
1076;3;3;
1077;3;3;
1078;3;3;
1079;9;9;
1080;9;9;
1081;9;9;
1082;9;9;
1083;9;9;
1084;9;9;
1085;9;9;
1086;9;9;
1087;9;9;
1088;3;3;
1089;3;3;
1090;3;3;
1091;3;3;
1092;3;3;
1093;3;3;
1094;3;3;
1095;3;3;
1096;3;3;
1097;27;27;
1098;9;9;
1099;9;9;
1100;9;9;
1101;9;9;
1102;9;9;
1103;9;9;
1104;3;3;
1105;3;3;
1106;9;9;
1107;3;3;
1108;3;3;
1109;3;3;
1110;3;3;
1111;3;3;
1112;3;3;
1113;3;3;
1114;27;27;
1115;9;9;
1116;9;9;
1117;9;9;
1118;9;9;
1119;3;3;
1120;3;3;
1121;3;3;
1122;3;3;
1123;3;3;
1124;9;9;
1125;3;3;
1126;9;9;
1127;3;3;
1128;3;3;
1129;9;9;
1130;3;3;
1131;9;9;
1132;9;9;
1133;27;27;
1134;9;9;
1135;27;27;
1136;9;9;
1137;3;3;
1138;3;3;
1139;9;9;
1140;3;3;
1141;9;9;
1142;3;3;
1143;9;9;
1144;3;3;
1145;9;9;
1146;3;3;
1147;27;27;
1148;3;3;
1149;9;9;
1150;9;9;
1151;3;3;
1152;9;9;
1153;27;27;
1154;9;9;
1155;3;3;
1156;9;9;
1157;27;27;
1158;3;3;
1159;9;9;
1160;9;9;
1161;3;3;
1162;9;9;
1163;27;27;
1164;9;9;
1165;3;3;
1166;9;9;
1167;3;3;
1168;3;3;
1169;3;3;
1170;3;3;
1171;3;3;
1172;3;3;
1173;9;9;
1174;3;3;
1175;3;3;
1176;3;3;
1177;3;3;
1178;3;3;
1179;9;9;
1180;3;3;
1181;6;6;
1182;6;6;
1183;6;6;
1184;3;3;
1185;6;6;
1186;3;3;
1187;3;3;
1188;3;3;
1189;3;3;
1190;6;6;
1191;18;18;
1192;9;9;
1193;3;3;
1194;6;6;
1195;27;27;
1196;3;3;
1197;9;9;
1198;9;9;
1199;3;3;
1200;9;9;
1201;27;27;
1202;9;9;
1203;3;3;
1204;9;9;
1205;3;3;
1206;3;3;
1207;3;3;
1208;3;3;
1209;3;3;
1210;3;3;
1211;9;9;
1212;3;3;
1213;3;3;
1214;3;3;
1215;3;3;
1216;3;3;
1217;9;9;
1218;3;3;
1219;6;6;
1220;6;6;
1221;6;6;
1222;3;3;
1223;6;6;
1224;3;3;
1225;3;3;
1226;3;3;
1227;3;3;
1228;6;6;
1229;18;18;
1230;9;9;
1231;3;3;
1232;6;6;
1233;27;27;
1234;3;3;
1235;9;9;
1236;9;9;
1237;3;3;
1238;9;9;
1239;27;27;
1240;9;9;
1241;3;3;
1242;9;9;
1243;3;3;
1244;3;3;
1245;3;3;
1246;3;3;
1247;3;3;
1248;3;3;
1249;9;9;
1250;3;3;
1251;9;9;
1252;3;3;
1253;3;3;
1254;3;3;
1255;3;3;
1256;3;3;
1257;3;3;
1258;3;3;
1259;9;9;
1260;3;3;
1261;9;9;
1262;3;3;
1263;3;3;
1264;9;9;
1265;3;3;
1266;9;9;
1267;3;3;
1268;3;3;
1269;3;3;
1270;27;27;
1271;9;9;
1272;9;9;
1273;9;9;
1274;9;9;
1275;3;3;
1276;3;3;
1277;3;3;
1278;3;3;
1279;3;3;
1280;9;9;
1281;3;3;
1282;9;9;
1283;3;3;
1284;3;3;
1285;9;9;
1286;9;9;
1287;3;3;
1288;3;3;
1289;9;9;
1290;9;9;
1291;3;3;
1292;3;3;
1293;3;3;
1294;3;3;
1295;9;9;
1296;3;3;
1297;9;9;
1298;3;3;
1299;3;3;
1300;9;9;
1301;3;3;
1302;9;9;
1303;3;3;
1304;3;3;
1305;9;9;
1306;3;3;
1307;3;3;
1308;3;3;
1309;9;9;
1310;27;27;
1311;9;9;
1312;9;9;
1313;9;9;
1314;9;9;
1315;3;3;
1316;3;3;
1317;9;9;
1318;3;3;
1319;3;3;
1320;3;3;
1321;9;9;
1322;9;9;
1323;9;9;
1324;9;9;
1325;27;27;
1326;9;9;
1327;3;3;
1328;3;3;
1329;3;3;
1330;3;3;
1331;3;3;
1332;9;9;
1333;3;3;
1334;3;3;
1335;9;9;
1336;3;3;
1337;9;9;
1338;3;3;
1339;3;3;
1340;3;3;
1341;6;6;
1342;3;3;
1343;9;9;
1344;3;3;
1345;3;3;
1346;3;3;
1347;6;6;
1348;3;3;
1349;9;9;
1350;3;3;
1351;3;3;
1352;3;3;
1353;3;3;
1354;3;3;
1355;3;3;
1356;3;3;
1357;3;3;
1358;3;3;
1359;3;3;
1360;3;3;
1361;3;3;
1362;3;3;
1363;27;27;
1364;9;9;
1365;3;3;
1366;3;3;
1367;3;3;
1368;3;3;
1369;3;3;
1370;9;9;
1371;3;3;
1372;3;3;
1373;3;3;
1374;3;3;
1375;3;3;
1376;9;9;
1377;3;3;
1378;3;3;
1379;9;9;
1380;9;9;
1381;3;3;
1382;3;3;
1383;6;6;
1384;6;6;
1385;3;3;
1386;3;3;
1387;3;3;
1388;3;3;
1389;9;9;
1390;3;3;
1391;6;6;
1392;3;3;
1393;3;3;
1394;3;3;
1395;3;3;
1396;3;3;
1397;3;3;
1398;3;3;
1399;3;3;
1400;3;3;
1401;3;3;
1402;3;3;
1403;9;9;
1404;3;3;
1405;6;6;
1406;3;3;
1407;3;3;
1408;3;3;
1409;3;3;
1410;3;3;
1411;3;3;
1412;3;3;
1413;3;3;
1414;3;3;
1415;3;3;
1416;3;3;
1417;6;6;
1418;6;6;
1419;6;6;
1420;3;3;
1421;3;3;
1422;3;3;
1423;3;3;
1424;3;3;
1425;3;3;
1426;3;3;
1427;3;3;
1428;3;3;
1429;3;3;
1430;3;3;
1431;3;3;
1432;3;3;
1433;3;3;
1434;3;3;
1435;3;3;
1436;3;3;
1437;3;3;
1438;3;3;
1439;3;3;
1440;3;3;
1441;3;3;
1442;3;3;
1443;3;3;
1444;9;9;
1445;9;9;
1446;9;9;
1447;9;9;
1448;9;9;
1449;9;9;
1450;9;9;
1451;9;9;
1452;3;3;
1453;3;3;
1454;3;3;
1455;3;3;
1456;3;3;
1457;3;3;
1458;3;3;
1459;3;3;
1460;3;3;
1461;3;3;
1462;6;6;
1463;3;3;
1464;9;9;
1465;3;3;
1466;3;3;
1467;3;3;
1468;3;3;
1469;3;3;
1470;3;3;
1471;3;3;
1472;3;3;
1473;3;3;
1474;12;12;
1475;24;24;
1476;12;12;
1477;12;12;
1478;24;24;
1479;12;12;
1480;12;12;
1481;48;48;
1482;24;24;
1483;12;12;
1484;12;12;
1485;12;12;
1486;12;12;
1487;12;12;
1488;3;3;
1489;12;12;
1490;24;24;
1491;12;12;
1492;12;12;
1493;24;24;
1494;12;12;
1495;12;12;
1496;12;12;
1497;24;24;
1498;12;12;
1499;48;48;
1500;12;12;
1501;27;27;
1502;27;27;
1503;48;48;
1504;48;48;
1505;48;48;
1506;48;48;
1507;12;12;
1508;48;48;
1509;48;48;
1510;48;48;
1511;48;48;
1512;48;48;
1513;48;48;
1514;48;48;
1515;48;48;
1516;12;12;
1517;48;48;
1518;48;48;
1519;48;48;
1520;48;48;
1521;48;48;
1522;48;48;
1523;48;48;
1524;48;48;
1525;48;48;
1526;48;48;
1527;48;48;
1528;48;48;
1529;48;48;
1530;48;48;
1531;48;48;
1532;48;48;
1533;48;48;
1534;48;48;
1535;48;48;
1536;48;48;
1537;48;48;
1538;48;48;
1539;48;48;
1540;48;48;
1541;48;48;
1542;48;48;
1543;48;48;
1544;48;48;
1545;12;12;
1546;48;48;
1547;48;48;
1548;48;48;
1549;12;12;
1550;48;48;
1551;48;48;
1552;48;48;
1553;48;48;
1554;48;48;
1555;48;48;
1556;48;48;
1557;48;48;
1558;48;48;
1559;48;48;
1560;48;48;
1561;48;48;
1562;48;48;
1563;12;12;
1564;48;48;
1565;48;48;
1566;12;12;
1567;48;48;
1568;12;12;
1569;48;48;
1570;48;48;
1571;48;48;
1572;48;48;
1573;48;48;
1574;12;12;
1575;48;48;
1576;48;48;
1577;12;12;
1578;48;48;
1579;48;48;
1580;12;12;
1581;48;48;
1582;48;48;
1583;48;48;
1584;48;48;
1585;48;48;
1586;48;48;
1587;48;48;
1588;48;48;
1589;48;48;
1590;48;48;
1591;48;48;
1592;48;48;
1593;48;48;
1594;48;48;
1595;48;48;
1596;48;48;
1597;12;12;
1598;48;48;
1599;12;12;
1600;48;48;
1601;48;48;
1602;48;48;
1603;48;48;
1604;48;48;
1605;48;48;
1606;48;48;
1607;12;12;
1608;48;48;
1609;12;12;
1610;48;48;
1611;48;48;
1612;48;48;
1613;12;12;
1614;36;36;
1615;12;12;
1616;36;36;
1617;12;12;
1618;12;12;
1619;36;36;
1620;12;12;
1621;36;36;
1622;12;12;
1623;12;12;
1624;36;36;
1625;12;12;
1626;36;36;
1627;12;12;
1628;12;12;
1629;12;12;
1630;36;36;
1631;12;12;
1632;36;36;
1633;12;12;
1634;12;12;
1635;36;36;
1636;12;12;
1637;36;36;
1638;12;12;
1639;12;12;
1640;36;36;
1641;12;12;
1642;36;36;
1643;12;12;
1644;12;12;
1645;36;36;
1646;12;12;
1647;36;36;
1648;12;12;
1649;12;12;
1650;36;36;
1651;12;12;
1652;36;36;
1653;12;12;
1654;12;12;
1655;36;36;
1656;12;12;
1657;36;36;
1658;12;12;
1659;12;12;
1660;36;36;
1661;12;12;
1662;36;36;
1663;12;12;
1664;3;3;
1665;9;9;
1666;3;3;
1667;9;9;
1668;3;3;
1669;12;12;
1670;36;36;
1671;12;12;
1672;36;36;
1673;12;12;
1674;12;12;
1675;36;36;
1676;12;12;
1677;36;36;
1678;12;12;
1679;12;12;
1680;36;36;
1681;12;12;
1682;36;36;
1683;12;12;
1684;12;12;
1685;36;36;
1686;12;12;
1687;36;36;
1688;12;12;
1689;3;3;
1690;9;9;
1691;3;3;
1692;9;9;
1693;3;3;
1694;12;12;
1695;36;36;
1696;12;12;
1697;36;36;
1698;12;12;
1699;12;12;
1700;36;36;
1701;12;12;
1702;36;36;
1703;12;12;
1704;3;3;
1705;9;9;
1706;3;3;
1707;9;9;
1708;3;3;
1709;3;3;
1710;3;3;
1711;9;9;
1712;3;3;
1713;9;9;
1714;9;9;
1715;27;27;
1716;9;9;
1717;27;27;
1718;9;9;
1719;3;3;
1720;3;3;
1721;9;9;
1722;3;3;
1723;9;9;
1724;9;9;
1725;27;27;
1726;9;9;
1727;27;27;
1728;9;9;
1729;3;3;
1730;3;3;
1731;9;9;
1732;3;3;
1733;9;9;
1734;9;9;
1735;3;3;
1736;3;3;
1737;9;9;
1738;3;3;
1739;3;3;
1740;9;9;
1741;3;3;
1742;9;9;
1743;3;3;
1744;27;27;
1745;3;3;
1746;9;9;
1747;9;9;
1748;3;3;
1749;9;9;
1750;27;27;
1751;9;9;
1752;3;3;
1753;9;9;
1754;27;27;
1755;3;3;
1756;9;9;
1757;9;9;
1758;3;3;
1759;9;9;
1760;27;27;
1761;9;9;
1762;3;3;
1763;9;9;
1764;3;3;
1765;9;9;
1766;3;3;
1767;9;9;
1768;3;3;
1769;27;27;
1770;3;3;
1771;9;9;
1772;9;9;
1773;3;3;
1774;9;9;
1775;27;27;
1776;9;9;
1777;3;3;
1778;9;9;
1779;27;27;
1780;3;3;
1781;9;9;
1782;9;9;
1783;3;3;
1784;9;9;
1785;27;27;
1786;9;9;
1787;3;3;
1788;9;9;
1789;3;3;
1790;3;3;
1791;9;9;
1792;3;3;
1793;9;9;
1794;9;9;
1795;27;27;
1796;9;9;
1797;27;27;
1798;9;9;
1799;3;3;
1800;3;3;
1801;9;9;
1802;3;3;
1803;9;9;
1804;9;9;
1805;27;27;
1806;9;9;
1807;27;27;
1808;9;9;
1809;3;3;
1810;3;3;
1811;9;9;
1812;3;3;
1813;9;9;
1814;3;3;
1815;9;9;
1816;3;3;
1817;9;9;
1818;3;3;
1819;27;27;
1820;3;3;
1821;9;9;
1822;9;9;
1823;3;3;
1824;9;9;
1825;27;27;
1826;9;9;
1827;3;3;
1828;9;9;
1829;27;27;
1830;3;3;
1831;9;9;
1832;9;9;
1833;3;3;
1834;9;9;
1835;27;27;
1836;9;9;
1837;3;3;
1838;9;9;
1839;3;3;
1840;3;3;
1841;9;9;
1842;3;3;
1843;9;9;
1844;9;9;
1845;27;27;
1846;9;9;
1847;27;27;
1848;9;9;
1849;3;3;
1850;3;3;
1851;9;9;
1852;3;3;
1853;9;9;
1854;9;9;
1855;27;27;
1856;9;9;
1857;27;27;
1858;9;9;
1859;3;3;
1860;3;3;
1861;9;9;
1862;3;3;
1863;9;9;
1864;3;3;
1865;3;3;
1866;9;9;
1867;3;3;
1868;9;9;
1869;9;9;
1870;27;27;
1871;9;9;
1872;27;27;
1873;9;9;
1874;3;3;
1875;3;3;
1876;9;9;
1877;3;3;
1878;9;9;
1879;9;9;
1880;27;27;
1881;9;9;
1882;27;27;
1883;9;9;
1884;3;3;
1885;3;3;
1886;9;9;
1887;3;3;
1888;9;9;
1889;3;3;
1890;9;9;
1891;3;3;
1892;9;9;
1893;3;3;
1894;27;27;
1895;3;3;
1896;9;9;
1897;9;9;
1898;3;3;
1899;9;9;
1900;27;27;
1901;9;9;
1902;3;3;
1903;9;9;
1904;27;27;
1905;3;3;
1906;9;9;
1907;9;9;
1908;3;3;
1909;9;9;
1910;27;27;
1911;9;9;
1912;3;3;
1913;9;9;
1914;3;3;
1915;9;9;
1916;3;3;
1917;9;9;
1918;3;3;
1919;3;3;
1920;3;3;
1921;9;9;
1922;3;3;
1923;9;9;
1924;9;9;
1925;27;27;
1926;9;9;
1927;27;27;
1928;9;9;
1929;3;3;
1930;3;3;
1931;9;9;
1932;3;3;
1933;9;9;
1934;9;9;
1935;27;27;
1936;9;9;
1937;27;27;
1938;9;9;
1939;3;3;
1940;3;3;
1941;9;9;
1942;3;3;
1943;9;9;
1944;3;3;
1945;3;3;
1946;9;9;
1947;3;3;
1948;9;9;
1949;9;9;
1950;27;27;
1951;9;9;
1952;27;27;
1953;9;9;
1954;3;3;
1955;3;3;
1956;9;9;
1957;3;3;
1958;9;9;
1959;27;27;
1960;9;9;
1961;9;9;
1962;27;27;
1963;9;9;
1964;3;3;
1965;3;3;
1966;9;9;
1967;3;3;
1968;9;9;
1969;9;9;
1970;27;27;
1971;9;9;
1972;27;27;
1973;9;9;
1974;3;3;
1975;3;3;
1976;9;9;
1977;3;3;
1978;9;9;
1979;3;3;
1980;3;3;
1981;9;9;
1982;3;3;
1983;9;9;
1984;9;9;
1985;27;27;
1986;9;9;
1987;27;27;
1988;9;9;
1989;3;3;
1990;3;3;
1991;9;9;
1992;3;3;
1993;9;9;
1994;3;3;
1995;9;9;
1996;3;3;
1997;9;9;
1998;3;3;
1999;27;27;
2000;3;3;
2001;9;9;
2002;9;9;
2003;3;3;
2004;9;9;
2005;27;27;
2006;9;9;
2007;3;3;
2008;9;9;
2009;27;27;
2010;3;3;
2011;9;9;
2012;9;9;
2013;3;3;
2014;9;9;
2015;27;27;
2016;9;9;
2017;3;3;
2018;9;9;
2019;3;3;
2020;3;3;
2021;9;9;
2022;3;3;
2023;9;9;
2024;3;3;
2025;9;9;
2026;3;3;
2027;9;9;
2028;3;3;
2029;18;18;
2030;3;3;
2031;6;6;
2032;9;9;
2033;3;3;
2034;6;6;
2035;18;18;
2036;9;9;
2037;3;3;
2038;6;6;
2039;27;27;
2040;3;3;
2041;9;9;
2042;9;9;
2043;3;3;
2044;9;9;
2045;27;27;
2046;9;9;
2047;3;3;
2048;9;9;
2049;3;3;
2050;3;3;
2051;9;9;
2052;3;3;
2053;9;9;
2054;3;3;
2055;9;9;
2056;3;3;
2057;9;9;
2058;3;3;
2059;18;18;
2060;3;3;
2061;6;6;
2062;9;9;
2063;3;3;
2064;6;6;
2065;18;18;
2066;9;9;
2067;3;3;
2068;6;6;
2069;27;27;
2070;3;3;
2071;9;9;
2072;9;9;
2073;3;3;
2074;9;9;
2075;27;27;
2076;9;9;
2077;3;3;
2078;9;9;
2079;3;3;
2080;3;3;
2081;9;9;
2082;3;3;
2083;9;9;
2084;3;3;
2085;9;9;
2086;3;3;
2087;6;6;
2088;3;3;
2089;3;3;
2090;3;3;
2091;3;3;
2092;9;9;
2093;3;3;
2094;9;9;
2095;3;3;
2096;3;3;
2097;9;9;
2098;3;3;
2099;9;9;
2100;9;9;
2101;27;27;
2102;9;9;
2103;27;27;
2104;9;9;
2105;3;3;
2106;3;3;
2107;9;9;
2108;3;3;
2109;9;9;
2110;6;6;
2111;18;18;
2112;6;6;
2113;18;18;
2114;6;6;
2115;3;3;
2116;3;3;
2117;9;9;
2118;3;3;
2119;9;9;
2120;3;3;
2121;3;3;
2122;9;9;
2123;3;3;
2124;9;9;
2125;3;3;
2126;3;3;
2127;9;9;
2128;3;3;
2129;6;6;
2130;9;9;
2131;27;27;
2132;9;9;
2133;18;18;
2134;9;9;
2135;3;3;
2136;3;3;
2137;9;9;
2138;3;3;
2139;6;6;
2140;9;9;
2141;18;18;
2142;9;9;
2143;27;27;
2144;9;9;
2145;3;3;
2146;3;3;
2147;6;6;
2148;3;3;
2149;9;9;
2150;3;3;
2151;3;3;
2152;9;9;
2153;3;3;
2154;9;9;
2155;3;3;
2156;3;3;
2157;3;3;
2158;6;6;
2159;3;3;
2160;9;9;
2161;3;3;
2162;3;3;
2163;3;3;
2164;6;6;
2165;3;3;
2166;9;9;
2167;3;3;
2168;18;18;
2169;9;9;
2170;9;9;
2171;27;27;
2172;9;9;
2173;3;3;
2174;3;3;
2175;6;6;
2176;3;3;
2177;9;9;
2178;3;3;
2179;3;3;
2180;6;6;
2181;3;3;
2182;9;9;
2183;6;6;
2184;18;18;
2185;6;6;
2186;12;12;
2187;6;6;
2188;3;3;
2189;3;3;
2190;9;9;
2191;3;3;
2192;6;6;
2193;3;3;
2194;3;3;
2195;3;3;
2196;9;9;
2197;3;3;
2198;6;6;
2199;3;3;
2200;3;3;
2201;9;9;
2202;3;3;
2203;6;6;
2204;3;3;
2205;3;3;
2206;3;3;
2207;9;9;
2208;3;3;
2209;6;6;
2210;6;6;
2211;12;12;
2212;6;6;
2213;18;18;
2214;6;6;
2215;3;3;
2216;3;3;
2217;6;6;
2218;3;3;
2219;9;9;
2220;3;3;
2221;3;3;
2222;6;6;
2223;3;3;
2224;9;9;
2225;9;9;
2226;18;18;
2227;9;9;
2228;27;27;
2229;9;9;
2230;3;3;
2231;3;3;
2232;6;6;
2233;3;3;
2234;9;9;
2235;3;3;
2236;3;3;
2237;6;6;
2238;3;3;
2239;9;9;
2240;3;3;
2241;3;3;
2242;3;3;
2243;6;6;
2244;3;3;
2245;9;9;
2246;48;48;
2247;48;48;
2248;12;12;
2249;48;48;
2250;48;48;
2251;12;12;
2252;12;12;
2253;12;12;
2254;3;3;
2255;48;48;
2256;48;48;
2257;12;12;
2258;48;48;
2259;48;48;
2260;12;12;
2261;27;27;
2262;27;27;
2263;12;12;
2264;48;48;
2265;48;48;
2266;12;12;
2267;48;48;
2268;48;48;
2269;12;12;
2270;48;48;
2271;48;48;
2272;48;48;
2273;48;48;
2274;48;48;
2275;48;48;
2276;48;48;
2277;48;48;
2278;48;48;
2279;48;48;
2280;48;48;
2281;48;48;
2282;48;48;
2283;48;48;
2284;48;48;
2285;48;48;
2286;12;12;
2287;48;48;
2288;12;12;
2289;48;48;
2290;48;48;
2291;48;48;
2292;48;48;
2293;48;48;
2294;48;48;
2295;48;48;
2296;12;12;
2297;48;48;
2298;12;12;
2299;48;48;
2300;48;48;
2301;48;48;
2302;108;108;
2303;108;108;
2304;108;108;
2305;12;12;
2306;108;108;
2307;108;108;
2308;108;107;
2309;108;108;
2310;108;108;
2311;108;98;
2312;108;108;
2313;27;27;
2314;108;108;
2315;108;94;
2316;108;104;
2317;108;104;
2318;27;27;
2319;108;108;
2320;108;94;
2321;27;27;
2322;27;27;
2323;81;81;
2324;27;27;
2325;81;81;
2326;27;27;
2327;9;9;
2328;3;3;
2329;3;3;
2330;9;9;
2331;3;3;
2332;3;3;
2333;9;9;
2334;3;3;
2335;9;9;
2336;3;3;
2337;27;27;
2338;3;3;
2339;9;9;
2340;9;9;
2341;3;3;
2342;9;9;
2343;27;27;
2344;9;9;
2345;3;3;
2346;9;9;
2347;27;27;
2348;3;3;
2349;9;9;
2350;9;9;
2351;3;3;
2352;9;9;
2353;27;27;
2354;9;9;
2355;3;3;
2356;9;9;
2357;3;3;
2358;9;9;
2359;3;3;
2360;9;9;
2361;3;3;
2362;27;26;
2363;3;3;
2364;9;9;
2365;9;9;
2366;3;3;
2367;9;9;
2368;27;26;
2369;9;9;
2370;3;3;
2371;9;9;
2372;27;27;
2373;3;3;
2374;9;9;
2375;9;9;
2376;3;3;
2377;9;9;
2378;27;27;
2379;9;9;
2380;3;3;
2381;9;9;
2382;27;27;
2383;81;81;
2384;27;27;
2385;81;74;
2386;27;27;
2387;3;3;
2388;9;9;
2389;3;3;
2390;9;9;
2391;3;3;
2392;27;26;
2393;3;3;
2394;9;9;
2395;9;9;
2396;3;3;
2397;9;9;
2398;27;27;
2399;9;9;
2400;3;3;
2401;9;9;
2402;27;25;
2403;3;3;
2404;9;9;
2405;9;9;
2406;3;3;
2407;9;9;
2408;27;27;
2409;9;9;
2410;3;3;
2411;9;9;
2412;27;27;
2413;81;81;
2414;27;27;
2415;81;81;
2416;27;27;
2417;27;27;
2418;81;79;
2419;27;27;
2420;81;72;
2421;27;27;
2422;3;3;
2423;9;9;
2424;3;3;
2425;9;9;
2426;3;3;
2427;27;27;
2428;3;3;
2429;9;9;
2430;9;9;
2431;3;3;
2432;9;9;
2433;27;27;
2434;9;9;
2435;3;3;
2436;9;9;
2437;27;27;
2438;3;3;
2439;9;9;
2440;9;9;
2441;3;3;
2442;9;9;
2443;27;27;
2444;9;9;
2445;3;3;
2446;9;9;
2447;27;27;
2448;27;27;
2449;81;81;
2450;27;27;
2451;81;81;
2452;27;27;
2453;3;3;
2454;3;3;
2455;9;9;
2456;3;3;
2457;9;9;
2458;9;9;
2459;27;26;
2460;9;9;
2461;27;27;
2462;9;9;
2463;3;3;
2464;3;3;
2465;9;9;
2466;3;3;
2467;9;9;
2468;27;26;
2469;9;9;
2470;9;9;
2471;27;27;
2472;9;9;
2473;3;3;
2474;3;3;
2475;9;9;
2476;3;3;
2477;9;9;
2478;81;81;
2479;27;27;
2480;27;27;
2481;81;67;
2482;27;27;
2483;3;3;
2484;9;9;
2485;3;3;
2486;9;9;
2487;3;3;
2488;27;27;
2489;3;3;
2490;9;9;
2491;9;9;
2492;3;3;
2493;9;9;
2494;27;25;
2495;9;9;
2496;3;3;
2497;9;9;
2498;27;27;
2499;3;3;
2500;9;9;
2501;9;9;
2502;3;3;
2503;9;9;
2504;27;25;
2505;9;9;
2506;3;3;
2507;9;9;
2508;3;3;
2509;3;3;
2510;9;9;
2511;3;3;
2512;9;9;
2513;3;3;
2514;9;9;
2515;3;3;
2516;9;9;
2517;3;3;
2518;18;18;
2519;3;3;
2520;6;6;
2521;9;9;
2522;3;3;
2523;6;6;
2524;18;18;
2525;9;9;
2526;3;3;
2527;6;6;
2528;27;27;
2529;3;3;
2530;9;9;
2531;9;9;
2532;3;3;
2533;9;9;
2534;27;27;
2535;9;9;
2536;3;3;
2537;9;9;
2538;3;3;
2539;3;3;
2540;9;9;
2541;3;3;
2542;9;9;
2543;3;3;
2544;9;9;
2545;3;3;
2546;9;9;
2547;3;3;
2548;18;18;
2549;3;3;
2550;6;6;
2551;9;9;
2552;3;3;
2553;6;6;
2554;18;18;
2555;9;9;
2556;3;3;
2557;6;6;
2558;27;27;
2559;3;3;
2560;9;9;
2561;9;9;
2562;3;3;
2563;9;9;
2564;27;27;
2565;9;9;
2566;3;3;
2567;9;9;
2568;3;3;
2569;3;3;
2570;9;9;
2571;3;3;
2572;9;9;
2573;3;3;
2574;9;9;
2575;3;3;
2576;6;6;
2577;3;3;
2578;3;3;
2579;3;3;
2580;3;3;
2581;9;9;
2582;3;3;
2583;9;9;
2584;3;3;
2585;3;3;
2586;9;9;
2587;3;3;
2588;9;9;
2589;81;72;
2590;27;27;
2591;6;6;
2592;18;18;
2593;6;6;
2594;18;18;
2595;6;6;
2596;3;3;
2597;3;3;
2598;9;9;
2599;3;3;
2600;9;9;
2601;3;3;
2602;3;3;
2603;9;9;
2604;3;3;
2605;9;9;
2606;3;3;
2607;3;3;
2608;9;9;
2609;3;3;
2610;6;6;
2611;9;9;
2612;27;27;
2613;9;9;
2614;18;18;
2615;9;9;
2616;3;3;
2617;3;3;
2618;9;9;
2619;3;3;
2620;6;6;
2621;9;9;
2622;18;18;
2623;9;9;
2624;27;25;
2625;9;9;
2626;3;3;
2627;3;3;
2628;6;6;
2629;3;3;
2630;9;9;
2631;3;3;
2632;3;3;
2633;9;9;
2634;3;3;
2635;9;9;
2636;3;3;
2637;3;3;
2638;3;3;
2639;6;6;
2640;3;3;
2641;9;9;
2642;3;3;
2643;3;3;
2644;3;3;
2645;6;6;
2646;3;3;
2647;9;9;
2648;3;3;
2649;18;18;
2650;9;9;
2651;9;9;
2652;27;26;
2653;9;9;
2654;3;3;
2655;3;3;
2656;6;6;
2657;3;3;
2658;9;9;
2659;3;3;
2660;3;3;
2661;6;6;
2662;3;3;
2663;9;9;
2664;48;48;
2665;24;24;
2666;3;3;
2667;3;3;
2668;3;3;
2669;9;9;
2670;3;3;
2671;6;6;
2672;24;24;
2673;3;3;
2674;3;3;
2675;3;3;
2676;9;9;
2677;3;3;
2678;6;6;
2679;6;6;
2680;12;12;
2681;6;6;
2682;18;18;
2683;6;6;
2684;3;3;
2685;3;3;
2686;6;6;
2687;3;3;
2688;9;9;
2689;3;3;
2690;3;3;
2691;6;6;
2692;3;3;
2693;9;9;
2694;9;9;
2695;18;18;
2696;9;9;
2697;27;26;
2698;9;9;
2699;3;3;
2700;3;3;
2701;6;6;
2702;3;3;
2703;9;9;
2704;3;3;
2705;3;3;
2706;6;6;
2707;3;3;
2708;9;9;
2709;3;3;
2710;3;3;
2711;3;3;
2712;6;6;
2713;3;3;
2714;9;9;
2715;48;48;
2716;48;48;
2717;12;12;
2718;48;48;
2719;48;48;
2720;12;12;
2721;12;12;
2722;12;12;
2723;3;3;
2724;108;108;
2725;48;48;
2726;48;48;
2727;12;12;
2728;27;27;
2729;27;27;
2730;108;108;
2731;108;108;
2732;108;108;
2733;12;12;
2734;108;108;
2735;108;108;
2736;107;107;
2737;108;108;
2738;108;108;
2739;98;98;
2740;108;108;
2741;27;27;
2742;108;108;
2743;94;94;
2744;104;104;
2745;104;104;
2746;27;27;
2747;108;108;
2748;94;94;
2749;27;27;
2750;243;243;
2751;27;27;
2752;243;243;
2753;241;236;
2754;236;236;
2755;240;223;
2756;243;183;
2757;232;222;
2758;243;243;
2759;27;27;
2760;243;243;
2761;27;27;
2762;80;80;
2763;27;27;
2764;80;80;
2765;27;27;
2766;81;81;
2767;27;27;
2768;27;27;
2769;67;67;
2770;27;27;
2771;3;3;
2772;9;9;
2773;3;3;
2774;9;9;
2775;3;3;
2776;27;27;
2777;3;3;
2778;9;9;
2779;9;9;
2780;3;3;
2781;9;9;
2782;25;25;
2783;9;9;
2784;3;3;
2785;9;9;
2786;27;27;
2787;3;3;
2788;9;9;
2789;9;9;
2790;3;3;
2791;9;9;
2792;25;25;
2793;9;9;
2794;3;3;
2795;9;9;
2796;3;3;
2797;3;3;
2798;9;9;
2799;3;3;
2800;9;9;
2801;3;3;
2802;9;9;
2803;3;3;
2804;9;9;
2805;3;3;
2806;18;18;
2807;3;3;
2808;6;6;
2809;9;9;
2810;3;3;
2811;6;6;
2812;18;18;
2813;9;9;
2814;3;3;
2815;6;6;
2816;27;27;
2817;3;3;
2818;9;9;
2819;9;9;
2820;3;3;
2821;9;9;
2822;27;27;
2823;9;9;
2824;3;3;
2825;9;9;
2826;3;3;
2827;3;3;
2828;9;9;
2829;3;3;
2830;9;9;
2831;3;3;
2832;9;9;
2833;3;3;
2834;9;9;
2835;3;3;
2836;18;18;
2837;3;3;
2838;6;6;
2839;9;9;
2840;3;3;
2841;6;6;
2842;18;18;
2843;9;9;
2844;3;3;
2845;6;6;
2846;27;27;
2847;3;3;
2848;9;9;
2849;9;9;
2850;3;3;
2851;9;9;
2852;27;27;
2853;9;9;
2854;3;3;
2855;9;9;
2856;3;3;
2857;3;3;
2858;9;9;
2859;3;3;
2860;9;9;
2861;24;24;
2862;3;3;
2863;3;3;
2864;3;3;
2865;9;9;
2866;3;3;
2867;9;9;
2868;27;27;
2869;72;72;
2870;27;27;
2871;54;54;
2872;27;27;
2873;27;27;
2874;24;24;
2875;72;72;
2876;24;24;
2877;70;60;
2878;24;24;
2879;3;3;
2880;3;3;
2881;9;9;
2882;3;3;
2883;9;9;
2884;3;3;
2885;3;3;
2886;3;3;
2887;6;6;
2888;3;3;
2889;9;9;
2890;3;3;
2891;3;3;
2892;3;3;
2893;6;6;
2894;3;3;
2895;9;9;
2896;3;3;
2897;71;66;
2898;24;24;
2899;24;24;
2900;48;48;
2901;24;24;
2902;3;3;
2903;3;3;
2904;3;3;
2905;9;9;
2906;3;3;
2907;6;6;
2908;24;24;
2909;3;3;
2910;3;3;
2911;3;3;
2912;9;9;
2913;3;3;
2914;6;6;
2915;48;48;
2916;24;24;
2917;24;24;
2918;71;71;
2919;24;24;
2920;3;3;
2921;3;3;
2922;6;6;
2923;3;3;
2924;9;9;
2925;3;3;
2926;24;24;
2927;108;108;
2928;108;108;
2929;27;27;
2930;108;108;
2931;108;108;
2932;27;27;
2933;27;27;
2934;27;27;
2935;243;243;
2936;27;27;
2937;243;243;
2938;236;236;
2939;236;236;
2940;223;223;
2941;183;183;
2942;222;222;
2943;243;243;
2944;27;27;
2945;243;99;
2946;241;125;
2947;229;112;
2948;239;112;
2949;27;27;
2950;216;105;
2951;27;27;
2952;216;105;
2953;27;27;
2954;24;24;
2955;3;3;
2956;27;27;
2957;207;119;
2958;27;27;
2959;204;91;
2960;27;27;
2961;3;3;
2962;24;24;
2963;3;3;
2964;24;24;
2965;3;3;
2966;186;106;
2967;3;3;
2968;24;24;
2969;24;24;
2970;3;3;
2971;24;24;
2972;191;108;
2973;24;24;
2974;3;3;
2975;24;24;
2976;243;99;
2977;243;99;
2978;27;27;
2979;27;27;
2980;99;99;
2981;125;125;
2982;112;112;
2983;112;112;
2984;291;114;
2985;27;27;
2986;291;115;
2987;3;3;
2988;24;24;
2989;3;3;
2990;24;24;
2991;3;3;
2992;106;106;
2993;3;3;
2994;24;24;
2995;24;24;
2996;3;3;
2997;24;24;
2998;108;108;
2999;24;24;
3000;3;3;
3001;24;24;
3002;99;99;
3003;99;99;
3004;27;27;
3005;114;114;
3006;27;27;
3007;115;115;
3008;400;21;
3009;225;20;
3010;21;21;
3011;20;20;
