child;parent
101;731
102;732
103;733
104;734
105;735
106;736
107;737
108;738
109;739
110;740
111;741
112;742
113;743
114;744
115;745
116;746
117;747
118;748
119;749
120;750
121;751
122;752
123;753
124;754
125;755
126;756
127;757
128;758
129;759
130;760
131;761
132;762
133;763
134;764
135;765
136;766
137;767
138;768
139;769
140;770
141;771
142;772
143;773
144;774
145;775
146;776
147;776
148;776
149;776
150;776
151;777
152;777
153;777
154;777
155;777
156;778
157;778
158;778
159;778
160;778
161;778
162;778
163;778
164;779
165;780
166;780
167;780
168;780
169;780
170;780
171;780
172;780
173;780
174;781
175;781
176;781
177;781
178;781
179;782
180;782
181;782
182;782
183;782
184;782
185;782
186;782
187;782
188;783
189;783
190;783
191;783
192;783
193;784
194;784
195;784
196;784
197;784
198;784
199;784
200;784
201;785
202;785
203;785
204;786
205;786
206;786
207;786
208;786
209;787
210;788
211;788
212;788
213;789
214;790
215;790
216;790
217;790
218;790
219;790
220;790
221;790
222;791
223;792
224;792
225;793
226;793
227;793
228;793
229;793
230;793
231;793
232;793
233;793
234;794
235;794
236;794
237;795
238;795
239;795
240;796
241;796
242;796
243;797
244;797
245;797
246;797
247;797
248;798
249;799
250;799
251;799
252;799
253;799
254;799
255;799
256;799
257;799
258;800
259;800
260;800
261;801
262;802
263;803
264;804
265;804
266;804
267;805
268;806
269;806
270;806
271;807
272;808
273;809
274;810
275;811
276;812
277;812
278;812
279;813
280;814
281;815
282;815
283;815
284;816
285;817
286;817
287;817
288;818
289;819
290;820
291;821
292;822
293;823
294;824
295;825
296;826
297;827
298;827
299;827
300;828
301;829
302;830
303;831
304;832
305;832
306;833
307;834
308;834
309;834
310;835
311;836
312;837
313;837
314;837
315;838
316;839
317;840
318;840
319;840
320;841
321;842
322;843
323;843
324;843
325;843
326;843
327;843
328;843
329;844
330;845
331;846
332;847
333;848
334;849
335;849
336;849
337;849
338;849
339;849
340;849
341;849
342;850
343;851
344;852
345;852
346;852
347;853
348;854
349;855
350;856
351;857
352;858
353;858
354;858
355;859
356;860
357;861
358;861
359;861
360;862
361;863
362;864
363;864
364;864
365;864
366;864
367;865
368;866
369;867
370;867
371;867
372;867
373;867
374;868
375;868
376;868
377;869
378;869
379;869
380;870
381;870
382;870
383;870
384;870
385;870
386;870
387;871
388;872
389;872
390;873
391;874
392;875
393;876
394;876
395;876
396;877
397;878
398;879
399;880
400;880
401;880
402;880
403;880
404;881
405;881
406;881
407;881
408;881
409;882
410;882
411;882
412;883
413;884
414;885
415;885
416;885
417;885
418;885
419;885
420;886
421;887
422;888
423;889
424;890
425;891
426;892
427;893
428;893
429;893
430;893
431;894
432;895
433;896
434;896
435;897
436;898
437;898
438;898
439;899
440;900
441;901
442;902
443;903
444;904
445;905
446;906
447;907
448;907
449;907
450;908
451;909
452;910
453;910
454;910
455;910
456;910
457;910
458;910
459;911
460;912
461;913
462;913
463;914
464;915
465;915
466;915
467;915
468;916
469;916
470;916
471;916
472;916
473;917
474;918
475;919
476;919
477;920
478;920
479;921
480;921
481;922
482;922
483;922
484;923
485;924
486;924
487;924
488;925
489;925
490;925
491;926
492;927
493;928
494;929
495;930
496;931
497;931
498;931
499;932
500;933
501;934
502;935
503;935
504;935
505;935
506;936
507;936
508;936
509;936
510;937
511;937
512;937
513;938
514;938
515;938
516;938
517;938
518;938
519;939
520;939
521;939
522;940
523;940
524;940
525;941
526;942
527;942
528;942
529;942
530;942
531;942
532;942
533;943
534;944
535;945
536;945
537;945
538;946
539;946
540;947
541;948
542;948
543;948
544;949
545;950
546;951
547;952
548;953
549;954
550;954
551;954
552;955
553;955
554;955
555;956
556;957
557;958
558;958
559;958
560;959
561;959
562;959
563;960
564;961
565;961
566;962
567;962
568;962
569;963
570;964
571;965
572;965
573;965
574;965
575;965
576;965
577;965
578;965
579;966
580;966
581;966
582;966
583;966
584;966
585;966
586;966
587;967
588;967
589;967
590;968
591;969
592;970
593;971
594;971
595;971
596;971
597;971
598;971
599;971
600;971
601;971
602;972
603;972
604;972
605;973
606;973
607;973
608;974
609;974
610;974
611;975
612;975
613;975
614;975
615;975
616;976
617;976
618;976
619;976
620;976
621;976
622;976
623;977
624;977
625;977
626;978
627;978
628;978
629;979
630;979
631;979
632;979
633;980
634;981
635;982
636;983
637;984
638;985
639;986
640;987
641;988
642;989
643;990
644;991
645;991
646;991
647;992
648;993
649;994
650;995
651;995
652;995
653;996
654;997
655;998
656;998
657;998
658;998
659;998
660;999
661;1000
662;1001
663;1002
664;1003
665;1004
666;1005
667;1006
668;1007
669;1007
670;1007
671;1007
672;1008
673;1008
674;1008
675;1009
676;1010
677;1011
678;1011
679;1011
680;1012
681;1012
682;1013
683;1014
684;1015
685;1016
686;1016
687;1016
688;1016
689;1017
690;1018
691;1019
692;1020
693;1020
694;1020
695;1021
696;1022
697;1023
698;1023
699;1023
700;1023
701;1023
702;1024
703;1025
704;1026
705;1026
706;1026
707;1027
708;1027
709;1027
710;1028
711;1029
712;1030
713;1030
714;1030
715;1030
716;1030
717;1031
718;1032
719;1033
720;1034
721;1035
722;1036
723;1036
724;1036
725;1037
726;1038
727;1039
728;1040
729;1040
730;1040
775;1041
776;1042
777;1043
778;1044
779;1045
780;1046
781;1047
782;1048
783;1049
784;1050
785;1051
786;1052
787;1053
788;1054
789;1055
790;1056
791;1057
792;1058
793;1059
794;1060
795;1061
796;1062
797;1063
798;1064
799;1065
800;1066
801;1066
802;1066
803;1066
804;1067
805;1067
806;1067
807;1067
808;1067
809;1067
810;1068
811;1068
812;1068
813;1068
814;1069
815;1069
816;1069
817;1069
818;1069
819;1069
820;1069
821;1069
822;1070
823;1070
824;1070
825;1070
826;1071
827;1071
828;1071
829;1071
830;1071
831;1072
832;1072
833;1072
834;1073
835;1073
836;1073
837;1073
838;1073
839;1073
840;1074
841;1074
842;1074
843;1074
844;1074
845;1074
846;1074
847;1074
848;1075
849;1076
850;1076
851;1076
852;1076
853;1076
854;1076
855;1076
856;1076
857;1077
858;1078
859;1078
860;1078
861;1079
862;1079
863;1079
864;1080
865;1081
866;1082
867;1083
868;1083
869;1083
870;1084
871;1085
872;1086
873;1087
874;1088
875;1089
876;1090
877;1091
878;1092
879;1093
880;1094
881;1094
882;1094
883;1095
884;1096
885;1096
886;1096
887;1097
888;1098
889;1099
890;1100
891;1101
892;1102
893;1102
894;1102
895;1102
896;1103
897;1104
898;1105
899;1105
900;1106
901;1107
902;1108
903;1108
904;1109
905;1110
906;1111
907;1111
908;1111
909;1112
910;1112
911;1112
912;1112
913;1112
914;1113
915;1114
916;1114
917;1114
918;1115
919;1116
920;1117
921;1118
922;1119
923;1119
924;1119
925;1119
926;1119
927;1120
928;1121
929;1122
930;1123
931;1124
932;1125
933;1126
934;1127
935;1128
936;1128
937;1128
938;1129
939;1130
940;1131
941;1131
942;1131
943;1131
944;1131
945;1132
946;1132
947;1132
948;1133
949;1133
950;1133
951;1134
952;1135
953;1136
954;1137
955;1138
956;1139
957;1140
958;1141
959;1141
960;1141
961;1142
962;1143
963;1144
964;1145
965;1146
966;1147
967;1147
968;1148
969;1148
970;1149
971;1150
972;1150
973;1150
974;1150
975;1151
976;1151
977;1151
978;1151
979;1151
980;1152
981;1152
982;1152
983;1152
984;1152
985;1153
986;1153
987;1153
988;1153
989;1153
990;1154
991;1154
992;1154
993;1154
994;1154
995;1155
996;1156
997;1157
998;1158
999;1159
1000;1160
1001;1161
1002;1162
1003;1163
1004;1163
1005;1163
1006;1163
1007;1164
1008;1164
1009;1164
1010;1164
1011;1164
1012;1164
1013;1165
1014;1165
1015;1165
1016;1166
1017;1166
1018;1166
1019;1167
1020;1167
1021;1167
1022;1167
1023;1168
1024;1169
1025;1170
1026;1171
1027;1172
1028;1173
1029;1174
1030;1174
1031;1174
1032;1175
1033;1176
1034;1177
1035;1178
1036;1179
1037;1179
1038;1180
1039;1181
1040;1182
1066;1183
1067;1184
1068;1185
1069;1186
1070;1187
1071;1188
1072;1189
1073;1190
1074;1191
1075;1192
1076;1193
1077;1194
1078;1195
1079;1196
1080;1197
1081;1197
1082;1197
1083;1198
1084;1198
1085;1198
1086;1198
1087;1198
1088;1198
1089;1199
1090;1199
1091;1199
1092;1199
1093;1199
1094;1200
1095;1200
1096;1200
1097;1200
1098;1200
1099;1200
1100;1200
1101;1200
1102;1201
1103;1201
1104;1201
1105;1201
1106;1201
1107;1201
1108;1201
1109;1201
1110;1201
1111;1202
1112;1202
1113;1202
1114;1203
1115;1203
1116;1203
1117;1204
1118;1205
1119;1206
1120;1206
1121;1206
1122;1206
1123;1206
1124;1207
1125;1208
1126;1209
1127;1210
1128;1211
1129;1211
1130;1211
1131;1212
1132;1212
1133;1212
1134;1213
1135;1214
1136;1214
1137;1215
1138;1216
1139;1216
1140;1216
1141;1216
1142;1216
1143;1216
1144;1216
1145;1216
1146;1217
1147;1217
1148;1217
1149;1218
1150;1219
1151;1219
1152;1219
1153;1219
1154;1219
1155;1220
1156;1220
1157;1220
1158;1221
1159;1221
1160;1221
1161;1221
1162;1221
1163;1222
1164;1222
1165;1222
1166;1222
1167;1222
1168;1223
1169;1223
1170;1223
1171;1224
1172;1225
1173;1225
1174;1226
1175;1226
1176;1226
1177;1227
1178;1228
1179;1228
1180;1228
1181;1229
1182;1230
1197;1231
1198;1232
1199;1233
1200;1234
1201;1235
1202;1236
1203;1237
1204;1237
1205;1237
1206;1237
1207;1237
1208;1237
1209;1238
1210;1238
1211;1239
1212;1239
1213;1239
1214;1240
1215;1241
1216;1242
1217;1243
1218;1244
1219;1245
1220;1245
1221;1245
1222;1245
1223;1245
1224;1246
1225;1247
1226;1248
1227;1249
1228;1250
1229;1251
1230;1252
1237;1253
1238;1254
1239;1255
1240;1256
1241;1256
1242;1257
1243;1257
1244;1257
1245;1258
1246;1259
1247;1260
1248;1261
1249;1261
1250;1261
1251;1261
1252;1262
1256;1263
1257;1264
1258;1265
1259;1265
1260;1265
1261;1265
1262;1265
